31434
31435
31436
31437
31438
31439
31443
31444
31445
31447
31453
31457
31458
31459
31460
31461
31462
31463
31465
31466
31467
31468
31470
31472
31473
31474
31475
31476
31481
31484
31485
31488
31492
31493
31494
31495
31496
31499
31500
31501
31503
31505
31506
31509
31510
31513
31514
31515
31516
31518
31520
31521
31522
31523
31524
31526
31528
31530
31532
31533
31534
31535
31536
31537
31538
31539
31540
31541
31543
31544
31545
31546
31547
31548
31549
31550
31551
31552
31553
31554
31555
31556
31557
31559
31561
31562
31563
31564
31565
31566
31567
31568
31571
31572
31573
31574
31575
31576
31578
31580
31582
31583
31584
31586
31587
31590
31591
31594
31595
31596
31597
31598
31602
31603
31605
31606
31607
31609
31610
31611
31612
31614
31616
31617
31618
31621
31623
31624
31625
31626
31627
31629
31631
31632
31633
31635
31636
31638
31639
31640
31641
31644
31646
31647
31648
31649
31650
31654
31656
31657
31658
31660
31662
31663
31664
31667
31669
31670
31671
31672
31673
31674
31675
31676
31678
31679
31680
31681
31685
31686
31687
31688
31689
31691
31692
31694
31698
31700
31701
31702
31703
31705
31706
31707
31708
31709
31710
31711
31712
31713
31717
31718
31719
31722
31723
31726
31727
31728
31729
31730
31732
31733
31734
31735
31736
31737
31739
31740
31741
31742
31743
31745
31749
31751
31753
31754
31755
31756
31759
31761
31762
31764
31765
31766
31767
31768
31770
31775
31777
31778
31785
31786
31787
31788
31789
31791
31792
31797
31799
31800
31801
31802
31803
31805
31806
31807
31808
31810
31813
31817
31818
31819
31820
31822
31823
31824
31825
31827
31828
31830
31832
31833
31834
31835
31836
31837
31839
31842
31843
31844
31845
31846
31847
31849
31850
31851
31853
31857
31858
31859
31861
31862
31864
31867
31870
31876
31877
31879
31881
31882
31883
31885
31886
31887
31888
31891
31893
31894
31899
31900
31902
31903
31904
31906
31908
31910
31912
31913
31914
31916
31917
31918
31919
31921
31923
31924
31925
31927
31928
31931
31934
31935
31936
31939
31940
31944
31945
31946
31947
31948
31949
31952
31953
31954
31955
31958
31961
31965
31967
31968
31969
31971
31972
31974
31975
31976
31977
31979
31981
31984
31985
31986
31987
31988
31990
31992
31994
31998
31999
32000
32001
32002
32003
32006
32007
32008
32009
32013
32014
32017
32018
32020
32021
32022
32024
32027
32029
32030
32031
32032
32033
32037
32038
32039
32040
32042
32043
32045
32047
32048
32049
32050
32054
32055
32057
32058
32059
32060
32061
32062
32063
32064
32065
32066
32068
32069
32070
32074
32075
32077
32078
32081
32082
32083
32085
32086
32088
32089
32090
32091
32092
32094
32096
32098
32099
32100
32101
32102
32104
32105
32106
32107
32108
32109
32111
32112
32113
32114
32116
32117
32118
32120
32125
32126
32127
32128
32130
32131
32132
32135
32136
32138
32142
32143
32146
32147
32148
32149
32150
32152
32155
32156
32157
32159
32160
32161
32162
32163
32164
32166
32168
32170
32171
32172
32173
32174
32175
32177
32178
32179
32180
32181
32183
32184
32187
32190
32192
32193
32194
32196
32197
32198
32199
32200
32203
32205
32206
32207
32209
32210
32213
32214
32215
32216
32217
32218
32220
32222
32223
32224
32225
32226
32227
32229
32230
32231
32233
32234
32235
32236
32237
32238
32242
32243
32244
32245
32246
32248
32249
32250
32251
32252
32253
32256
32258
32260
32261
32265
32266
32267
32268
32269
32271
32273
32280
32282
32283
32284
32286
32288
32289
32290
32293
32294
32296
32297
32301
32303
32304
32305
32306
32308
32309
32310
32311
32312
32313
32317
32318
32321
32322
32323
32324
32325
32327
32328
32330
32331
32332
32333
32334
32335
32337
32338
32340
32341
32342
32343
32344
32345
32346
32347
32348
32351
32352
32356
32357
32358
32363
32364
32365
32367
32368
32369
32370
32371
32373
32374
32376
32378
32379
32380
32381
32382
32384
32385
32386
32389
32390
32393
32394
32395
32396
32397
32400
32401
32404
32407
32408
32409
32412
32413
32418
32419
32420
32421
32422
32425
32426
32427
32429
32430
32432
32435
32436
32440
32441
32444
32445
32447
32448
32449
32454
32455
32456
32458
32459
32460
32461
32462
32464
32465
32467
32468
32469
32472
32474
32475
32476
32477
32478
32479
32480
32481
32482
32484
32485
32486
32487
32488
32489
32491
32492
32495
32496
32498
32499
32500
32502
32503
32505
32508
32511
32515
32516
32518
32519
32520
32521
32526
32528
32529
32530
32531
32533
32534
32535
32537
32538
32539
32540
32542
32543
32550
32551
32552
32554
32555
32556
32557
32560
32561
32562
32564
32565
32566
32567
32568
32571
32573
32577
32580
32581
32582
32584
32585
32586
32587
32589
32590
32592
32593
32595
32597
32599
32602
32603
32605
32607
32609
32610
32613
32615
32616
32617
32619
32621
32622
32623
32626
32627
32628
32629
32630
32631
32632
32633
32634
32636
32637
32638
32639
32640
32641
32643
32645
32646
32647
32648
32649
32650
32651
32652
32653
32654
32656
32658
32660
32661
32662
32664
32665
32666
32667
32668
32669
32670
32672
32673
32674
32675
32676
32677
32680
32681
32683
32684
32685
32687
32688
32689
32690
32691
32692
32693
32695
32696
32697
32698
32699
32702
32703
32704
32705
32706
32707
32708
32709
32710
32712
32714
32717
32718
32721
32722
32725
32726
32727
32729
32731
32732
32733
32735
32736
32737
32738
32739
32741
32742
32744
32745
32747
32748
32749
32751
32753
32754
32756
32757
32759
32760
32761
32762
32763
32764
32765
32766
32767
32768
32769
32770
32771
32775
32777
32778
32779
32781
32782
32783
32784
32785
32786
32787
32788
32789
32790
32792
32795
32796
32798
32799
32802
32803
32804
32805
32806
32807
32808
32809
32810
32811
32812
32813
32814
32817
32819
32820
32824
32827
32828
32829
32830
32831
32834
32835
32837
32839
32840
32841
32842
32843
32845
32847
32850
32851
32852
32853
32854
32857
32859
32860
32865
32866
32867
32868
32869
32871
32873
32876
32877
32879
32880
32881
32882
32883
32884
32885
32886
32888
32891
32892
32893
32895
32899
32902
32903
32904
32907
32908
32909
32911
32914
32915
32917
32918
32921
32923
32926
32927
32931
32935
32936
32937
32940
32941
32942
32944
32945
32946
32947
32949
32950
32951
32954
32955
32957
32959
32960
32961
32963
32965
32966
32967
32970
32972
32973
32975
32977
32978
32980
32981
32982
32983
32985
32987
32988
32989
32990
32991
32992
32994
32995
32998
32999
33000
33001
33002
33003
33004
33006
33007
33008
33013
33014
33015
33016
33017
33018
33020
33023
33024
33026
33027
33029
33030
33031
33032
33033
33034
33035
33036
33037
33040
33044
33046
33047
33048
33051
33052
33053
33054
33055
33057
33058
33059
33060
33061
33062
33063
33065
33066
33069
33070
33071
33072
33073
33074
33075
33079
33081
33083
33086
33087
33088
33090
33091
33094
33095
33097
33098
33102
33104
33105
33106
33108
33109
33110
33111
33113
33115
33116
33117
33118
33119
33120
33122
33123
33124
33129
33130
33131
33133
33136
33138
33141
33142
33144
33145
33148
33150
33151
33153
33154
33155
33156
33157
33159
33161
33162
33163
33164
33165
33166
33167
33168
33169
33170
33171
33173
33176
33177
33178
33181
33182
33183
33184
33185
33186
33187
33188
33191
33193
33194
33196
33197
33198
33200
33201
33203
33204
33205
33206
33208
33209
33210
33211
33213
33214
33215
33216
33217
33218
33219
33220
33221
33222
33223
33225
33227
33228
33230
33231
33232
33233
33235
33236
33237
33238
33241
33242
33243
33244
33245
33246
33247
33248
33249
33252
33253
33254
33256
33257
33258
33260
33262
33265
33266
33268
33269
33270
33272
33274
33279
33285
33286
33288
33290
33291
33293
33295
33296
33298
33299
33306
33308
33309
33311
33312
33313
33314
33315
33316
33319
33320
33322
33323
33327
33328
33333
33335
33337
33339
33342
33344
33345
33347
33351
33352
33354
33355
33356
33357
33358
33360
33361
33362
33363
33364
33368
33369
33370
33371
33372
33374
33376
33377
33378
33379
33380
33381
33383
33384
33385
33388
33389
33391
33392
33394
33395
33397
33398
33399
33400
33403
33404
33408
33409
33410
33411
33413
33414
33415
33416
33417
33419
33422
33424
33425
33426
33427
33433
33436
33438
33439
33440
33441
33442
33443
33446
33448
33449
33451
33452
33453
33455
33458
33461
33464
33465
33466
33468
33470
33472
33473
33474
33476
33478
33481
33483
33485
33486
33489
33490
33492
33493
33494
33496
33497
33498
33501
33502
33503
33504
33506
33507
33508
33509
33510
33512
33513
33514
33515
33516
33517
33518
33519
33520
33521
33523
33524
33525
33527
33528
33531
33532
33535
33536
33537
33538
33539
33540
33543
33547
33549
33551
33552
33553
33555
33556
33557
33558
33559
33560
33563
33564
33565
33568
33572
33574
33575
33576
33577
33578
33580
33581
33582
33583
33584
33585
33592
33594
33595
33597
33598
33599
33601
33604
33605
33606
33607
33610
33611
33612
33613
33617
33618
33623
33625
33627
33628
33630
33631
33632
33633
33634
33635
33636
33638
33641
33643
33644
33645
33647
33651
33652
33653
33655
33657
33660
33661
33662
33663
33666
33667
33668
33669
33671
33672
33673
33674
33675
33676
33677
33678
33679
33680
33682
33684
33685
33686
33690
33691
33692
33693
33695
33696
33697
33702
33704
33706
33707
33709
33710
33711
33713
33718
33719
33720
33721
33722
33723
33724
33725
33726
33727
33731
33735
33736
33737
33738
33740
33741
33742
33743
33744
33745
33746
33747
33749
33750
33751
33753
33754
33755
33756
33757
33758
33759
33760
33762
33764
33765
33766
33768
33769
33771
33774
33776
33777
33778
33780
33781
33782
33783
33784
33785
33786
33787
33789
33790
33791
33792
33793
33794
33797
33798
33799
33800
33801
33802
33803
33804
33805
33807
33809
33810
33811
33813
33814
33815
33819
33821
33822
33825
33828
33829
33830
33831
33833
33835
33836
33837
33838
33839
33841
33843
33844
33845
33846
33847
33848
33850
33852
33856
33858
33859
33861
33863
33864
33865
33866
33870
33872
33873
33875
33876
33877
33878
33879
33881
33882
33884
33886
33887
33888
33889
33891
33892
33894
33895
33899
33900
33901
33902
33904
33906
33910
33911
33913
33914
33915
33916
33917
33919
33920
33924
33925
33926
33927
33928
33929
33932
33934
33935
33936
33937
33939
33940
33942
33944
33946
33948
33949
33950
33952
33954
33957
33958
33960
33962
33963
33964
33966
33968
33971
33973
33974
33976
33979
33980
33982
33984
33985
33987
33988
33989
33991
33992
33993
33994
33995
33996
33997
34001
34003
34004
34005
34006
34011
34012
34013
34014
34015
34016
34019
34020
34021
34023
34024
34025
34027
34028
34030
34031
34032
34033
34034
34035
34037
34038
34040
34041
34044
34045
34047
34048
34051
34054
34056
34057
34059
34060
34061
34063
34065
34066
34067
34068
34069
34070
34071
34073
34075
34076
34080
34082
34083
34084
34085
34087
34088
34089
34090
34091
34092
34094
34095
34096
34097
34098
34099
34102
34103
34105
34106
34107
34108
34111
34113
34114
34115
34116
34119
34120
34121
34122
34123
34124
34126
34127
34128
34130
34131
34133
34135
34137
34138
34140
34141
34144
34145
34147
34150
34151
34152
34153
34154
34155
34159
34161
34162
34163
34164
34165
34166
34168
34170
34171
34173
34174
34175
34178
34179
34180
34181
34186
34190
34191
34192
34193
34194
34195
34196
34199
34200
34201
34202
34203
34205
34206
34207
34208
34211
34213
34215
34216
34217
34218
34219
34220
34221
34223
34225
34226
34227
34228
34229
34230
34232
34235
34237
34238
34239
34241
34243
34244
34246
34248
34250
34251
34252
34254
34256
34257
34260
34261
34265
34266
34267
34268
34269
34270
34272
34274
34278
34281
34283
34284
34285
34286
34288
34291
34292
34295
34296
34297
34298
34299
34300
34301
34302
34303
34304
34305
34307
34308
34309
34311
34312
34314
34317
34319
34320
34321
34322
34323
34328
34329
34331
34332
34333
34336
34337
34338
34339
34341
34342
34343
34346
34347
34348
34349
34350
34351
34353
34356
34357
34360
34362
34363
34365
34367
34368
34369
34370
34371
34373
34374
34375
34376
34379
34380
34383
34385
34386
34388
34392
34394
34395
34396
34398
34402
34404
34405
34407
34408
34412
34413
34416
34417
34418
34420
34422
34424
34425
34426
34427
34428
34429
34431
34433
34436
34437
34438
34439
34440
34441
34443
34445
34446
34447
34449
34451
34453
34454
34456
34459
34460
34461
34463
34464
34468
34470
34471
34472
34474
34475
34476
34477
34479
34480
34481
34482
34484
34485
34486
34487
34488
34490
34491
34492
34493
34497
34498
34499
34500
34501
34502
34503
34504
34505
34506
34507
34508
34510
34511
34514
34516
34517
34518
34520
34522
34523
34524
34526
34528
34529
34530
34531
34532
34533
34534
34535
34537
34540
34541
34542
34543
34544
34545
34546
34547
34548
34549
34550
34553
34556
34560
34562
34564
34567
34569
34570
34571
34575
34576
34577
34578
34579
34581
34583
34584
34585
34586
34587
34589
34590
34591
34594
34595
34597
34598
34599
34600
34603
34604
34605
34606
34608
34611
34613
34614
34618
34619
34620
34621
34622
34623
34625
34630
34632
34637
34640
34643
34644
34646
34650
34651
34654
34656
34657
34658
34661
34662
34664
34665
34666
34667
34668
34669
34673
34677
34678
34680
34682
34683
34684
34686
34688
34689
34690
34691
34697
34698
34706
34709
34711
34712
34713
34714
34715
34716
34717
34720
34724
34725
34726
34728
34729
34730
34733
34735
34738
34739
34740
34744
34745
34748
34749
34750
34754
34756
34758
34759
34760
34762
34764
34765
34766
34767
34768
34772
34773
34774
34775
34776
34778
34780
34781
34782
34783
34786
34787
34788
34796
34797
34798
34799
34802
34803
34804
34805
34806
34807
34809
34810
34813
34816
34820
34822
34826
34827
34828
34829
34832
34833
34834
34836
34838
34839
34840
34841
34843
34844
34845
34846
34848
34849
34850
34852
34853
34855
34856
34857
34858
34859
34862
34865
34867
34868
34869
34872
34873
34874
34875
34876
34880
34881
34882
34883
34885
34887
34889
34890
34892
34893
34894
34896
34897
34898
34899
34901
34903
34904
34905
34906
34907
34908
34909
34910
34912
34913
34915
34916
34918
34920
34921
34922
34923
34924
34926
34927
34929
34930
34932
34933
34934
34935
34936
34937
34938
34940
34941
34942
34944
34946
34947
34952
34953
34955
34956
34957
34958
34959
34960
34962
34964
34965
34967
34968
34969
34970
34973
34974
34979
34980
34983
34985
34986
34987
34988
34992
34993
34994
34995
34996
34997
34998
34999
35000
35001
35003
35004
35008
35010
35013
35014
35015
35016
35017
35021
35022
35023
35024
35025
35030
35032
35033
35034
35035
35038
35039
35041
35042
35044
35046
35047
35048
35049
35050
35052
35054
35056
35057
35058
35059
35060
35062
35064
35065
35066
35067
35068
35069
35071
35073
35075
35077
35078
35081
35082
35084
35085
35086
35088
35089
35091
35092
35100
35101
35102
35104
35107
35108
35109
35111
35116
35117
35119
35122
35123
35125
35126
35127
35128
35129
35131
35134
35135
35137
35139
35140
35141
35142
35144
35147
35149
35151
35154
35155
35156
35158
35162
35163
35165
35166
35167
35169
35171
35172
35173
35175
35181
35183
35184
35185
35187
35188
35191
35194
35196
35198
35199
35200
35204
35205
35206
35209
35210
35211
35212
35214
35215
35216
35217
35219
35222
35223
35224
35226
35227
35228
35229
35230
35232
35234
35235
35236
35238
35240
35241
35242
35244
35245
35246
35247
35249
35251
35252
35253
35254
35258
35259
35260
35261
35262
35263
35264
35265
35266
35269
35271
35275
35276
35277
35280
35281
35283
35284
35286
35289
35290
35291
35293
35294
35295
35296
35297
35298
35299
35300
35301
35302
35303
35305
35306
35308
35309
35310
35311
35314
35318
35319
35320
35323
35324
35326
35327
35328
35329
35330
35331
35333
35334
35336
35337
35339
35341
35342
35343
35344
35345
35347
35348
35349
35350
35353
35355
35357
35358
35359
35361
35365
35369
35371
35372
35373
35374
35376
35379
35381
35384
35386
35391
35393
35395
35396
35397
35399
35400
35404
35405
35409
35411
35413
35414
35415
35416
35418
35419
35420
35421
35422
35423
35424
35425
35426
35429
35430
35434
35435
35438
35439
35440
35441
35444
35446
35448
35450
35451
35453
35455
35458
35462
35463
35465
35466
35468
35470
35475
35476
35477
35478
35480
35481
35482
35483
35484
35485
35488
35492
35493
35494
35496
35497
35498
35501
35502
35503
35504
35505
35506
35507
35508
35509
35510
35511
35513
35514
35515
35518
35522
35523
35524
35526
35527
35530
35533
35534
35535
35537
35538
35540
35541
35542
35543
35544
35547
35548
35549
35550
35551
35555
35556
35557
35558
35559
35561
35562
35564
35565
35566
35567
35568
35569
35570
35572
35573
35574
35575
35577
35579
35580
35581
35582
35584
35588
35589
35595
35596
35597
35599
35601
35602
35603
35604
35605
35607
35609
35610
35611
35612
35613
35614
35615
35616
35617
35620
35621
35622
35623
35624
35627
35628
35629
35630
35631
35633
35635
35636
35640
35642
35643
35647
35648
35649
35650
35651
35654
35655
35656
35657
35660
35661
35665
35667
35669
35670
35671
35672
35673
35674
35677
35678
35679
35680
35682
35684
35687
35689
35690
35691
35693
35694
35695
35696
35697
35698
35699
35700
35701
35702
35703
35706
35708
35709
35711
35712
35713
35714
35715
35716
35718
35719
35721
35722
35724
35733
35734
35735
35736
35737
35738
35739
35741
35742
35744
35745
35746
35749
35751
35752
35754
35755
35757
35758
35760
35761
35762
35763
35764
35765
35767
35769
35770
35772
35774
35775
35776
35778
35779
35782
35783
35785
35787
35788
35789
35790
35791
35792
35793
35797
35798
35799
35801
35802
35803
35804
35807
35809
35810
35811
35813
35814
35815
35816
35817
35819
35820
35822
35823
35824
35828
35829
35830
35831
35832
35835
35839
35841
35842
35845
35846
35847
35848
35849
35850
35855
35856
35860
35862
35866
35867
35868
35869
35870
35871
35873
35874
35875
35876
35877
35881
35882
35883
35884
35885
35886
35888
35889
35891
35892
35893
35896
35898
35899
35901
35903
35905
35906
35907
35908
35909
35910
35911
35914
35915
35917
35919
35921
35922
35925
35928
35929
35931
35933
35935
35938
35939
35940
35941
35942
35943
35944
35945
35946
35947
35948
35949
35950
35952
35953
35954
35955
35956
35958
35960
35961
35962
35963
35966
35968
35970
35971
35972
35973
35974
35975
35977
35979
35980
35981
35982
35983
35984
35985
35986
35987
35990
35992
35994
35995
35996
35997
35998
36000
36002
36004
36005
36006
36008
36009
36010
36011
36013
36014
36016
36017
36020
36022
36023
36025
36026
36027
36029
36033
36034
36035
36039
36040
36041
36043
36045
36048
36050
36051
36053
36055
36057
36058
36059
36060
36061
36062
36064
36065
36066
36067
36068
36069
36072
36073
36074
36075
36076
36077
36079
36084
36088
36089
36090
36091
36092
36094
36095
36097
36098
36099
36101
36102
36103
36104
36105
36107
36108
36109
36112
36116
36118
36120
36121
36122
36124
36126
36127
36128
36130
36136
36137
36139
36141
36142
36146
36147
36148
36149
36152
36155
36156
36157
36158
36161
36162
36164
36165
36167
36168
36171
36172
36173
36175
36177
36178
36181
36182
36183
36184
36185
36186
36187
36188
36189
36192
36195
36196
36198
36201
36202
36203
36205
36206
36212
36213
36215
36216
36219
36221
36223
36227
36228
36230
36231
36233
36234
36235
36236
36238
36241
36242
36243
36245
36246
36247
36250
36252
36254
36255
36256
36257
36258
36259
36260
36261
36263
36264
36266
36267
36268
36269
36271
36272
36274
36275
36276
36277
36278
36281
36283
36285
36287
36288
36290
36291
36292
36294
36295
36296
36297
36298
36299
36300
36303
36304
36305
36306
36307
36309
36310
36312
36314
36315
36316
36317
36319
36320
36321
36322
36323
36324
36326
36327
36329
36330
36331
36332
36333
36334
36336
36337
36338
36339
36341
36342
36346
36347
36351
36352
36354
36358
36359
36361
36366
36367
36373
36374
36376
36377
36378
36379
36380
36381
36383
36384
36385
36386
36387
36388
36389
36391
36392
36393
36396
36397
36399
36400
36401
36402
36403
36404
36405
36406
36407
36408
36410
36412
36413
36414
36415
36416
36417
36418
36420
36421
36423
36424
36425
36426
36427
36428
36430
36433
36434
36435
36436
36437
36442
36444
36445
36446
36447
36448
36449
36451
36452
36453
36454
36455
36456
36457
36462
36463
36466
36467
36468
36469
36470
36471
36472
36473
36474
36475
36477
36480
36481
36483
36484
36485
36486
36487
36488
36489
36490
36491
36492
36493
36494
36495
36497
36498
36499
36500
36502
36503
36504
36505
36506
36507
36508
36509
36511
36512
36513
36515
36519
36520
36521
36522
36524
36525
36527
36528
36529
36530
36531
36533
36534
36535
36536
36539
36542
36544
36545
36546
36548
36550
36553
36554
36555
36556
36557
36558
36559
36560
36562
36563
36565
36567
36568
36570
36571
36572
36573
36574
36576
36577
36578
36579
36580
36583
36584
36586
36587
36588
36591
36596
36600
36602
36604
36605
36606
36607
36608
36609
36610
36611
36613
36614
36615
36616
36617
36618
36619
36620
36622
36625
36627
36628
36630
36631
36632
36633
36635
36636
36637
36638
36639
36640
36641
36645
36646
36647
36648
36649
36650
36651
36652
36653
36654
36656
36657
36658
36660
36661
36662
36664
36665
36666
36667
36670
36671
36673
36674
36675
36677
36679
36680
36682
36683
36684
36685
36686
36687
36688
36689
36691
36692
36693
36694
36695
36697
36698
36699
36701
36702
36703
36704
36706
36710
36712
36715
36717
36718
36719
36721
36722
36723
36727
36730
36731
36733
36735
36736
36737
36738
36742
36743
36744
36745
36746
36750
36751
36752
36753
36754
36755
36757
36759
36760
36764
36766
36768
36769
36771
36775
36776
36782
36783
36785
36788
36793
36794
36796
36797
36798
36800
36801
36802
36803
36805
36806
36808
36809
36811
36812
36814
36815
36816
36818
36820
36822
36823
36825
36826
36827
36828
36829
36831
36832
36834
36835
36837
36838
36840
36841
36842
36843
36845
36847
36849
36850
36851
36852
36853
36855
36856
36857
36858
36859
36860
36862
36863
36865
36867
36870
36871
36872
36874
36876
36877
36879
36881
36882
36886
36887
36888
36889
36892
36894
36895
36897
36901
36903
36904
36906
36907
36909
36910
36911
36912
36913
36915
36917
36918
36920
36921
36927
36929
36930
36931
36932
36933
36934
36935
36936
36939
36941
36942
36944
36946
36947
36948
36949
36950
36953
36954
36955
36956
36957
36958
36961
36962
36963
36964
36966
36967
36968
36969
36970
36971
36972
36973
36974
36975
36976
36977
36979
36982
36983
36984
36986
36987
36988
36989
36990
36993
36995
36997
36998
36999
37000
37001
37002
37004
37005
37006
37008
37010
37011
37012
37013
37015
37016
37019
37020
37021
37023
37024
37026
37029
37031
37032
37033
37034
37036
37037
37038
37039
37040
37041
37042
37043
37044
37047
37049
37050
37051
37053
37057
37058
37062
37065
37066
37067
37068
37069
37072
37073
37074
37075
37076
37078
37080
37083
37084
37085
37088
37090
37091
37092
37093
37094
37096
37097
37098
37102
37103
37105
37106
37109
37110
37112
37113
37116
37118
37119
37121
37123
37124
37127
37128
37130
37132
37133
37136
37137
37139
37140
37142
37143
37144
37145
37146
37147
37148
37150
37151
37152
37155
37159
37163
37164
37165
37167
37169
37170
37173
37174
37175
37176
37178
37181
37182
37183
37184
37185
37188
37190
37192
37193
37195
37197
37198
37200
37202
37203
37205
37206
37207
37208
37209
37213
37216
37218
37221
37222
37224
37225
37226
37227
37229
37230
37231
37233
37234
37237
37238
37239
37240
37241
37243
37244
37245
37247
37249
37250
37254
37255
37258
37260
37262
37263
37264
37265
37266
37268
37270
37272
37273
37274
37275
37278
37279
37280
37283
37284
37285
37287
37288
37292
37294
37297
37298
37299
37301
37304
37307
37308
37312
37313
37315
37317
37318
37319
37320
37323
37325
37330
37331
37332
37334
37337
37338
37339
37340
37343
37344
37345
37346
37347
37348
37349
37350
37351
37352
37354
37357
37359
37360
37361
37364
37365
37366
37368
37369
37372
37373
37375
37377
37378
37379
37380
37383
37384
37385
37386
37388
37390
37392
37393
37395
37396
37397
37398
37399
37400
37401
37402
37406
37408
37411
37412
37413
37415
37416
37419
37422
37423
37424
37425
37426
37432
37433
37434
37436
37437
37439
37441
37442
37445
37446
37447
37448
37449
37451
37452
37454
37455
37456
37457
37459
37462
37464
37465
37466
37467
37469
37471
37472
37473
37474
37475
37476
37477
37479
37481
37482
37483
37484
37485
37486
37487
37488
37489
37490
37492
37493
37495
37496
37497
37498
37499
37500
37501
37502
37504
37505
37508
37511
37513
37514
37517
37518
37519
37520
37524
37526
37529
37530
37531
37534
37535
37536
37537
37538
37539
37540
37541
37542
37543
37544
37545
37546
37547
37548
37549
37550
37553
37557
37558
37559
37560
37561
37562
37564
37565
37566
37567
37568
37569
37570
37571
37572
37573
37579
37580
37581
37584
37585
37586
37587
37588
37589
37590
37594
37595
37597
37600
37602
37603
37606
37609
37610
37612
37613
37615
37616
37617
37623
37625
37626
37629
37630
37631
37632
37635
37636
37637
37638
37640
37643
37647
37649
37650
37651
37652
37654
37655
37657
37658
37659
37660
37661
37665
37666
37673
37677
37678
37679
37681
37682
37683
37686
37688
37690
37691
37692
37694
37695
37696
37697
37698
37699
37703
37706
37709
37710
37711
37712
37713
37715
37716
37717
37718
37719
37721
37722
37723
37724
37725
37728
37729
37732
37733
37735
37736
37737
37739
37740
37742
37743
37745
37746
37747
37750
37752
37753
37755
37756
37759
37761
37762
37764
37765
37766
37768
37769
37771
37773
37776
37778
37779
37780
37781
37783
37786
37787
37788
37789
37791
37795
37799
37800
37802
37803
37805
37807
37808
37810
37811
37812
37815
37816
37817
37819
37823
37824
37825
37827
37828
37829
37834
37835
37838
37839
37840
37841
37843
37845
37848
37849
37855
37856
37857
37858
37859
37860
37862
37864
37865
37866
37867
37868
37870
37872
37873
37875
37877
37878
37881
37882
37883
37884
37885
37888
37889
37890
37891
37892
37895
37898
37899
37900
37901
37902
37903
37904
37905
37906
37907
37912
37913
37914
37915
37916
37917
37918
37919
37920
37921
37922
37923
37924
37926
37927
37928
37930
37931
37933
37934
37936
37938
37939
37940
37941
37944
37945
37946
37947
37948
37949
37950
37951
37952
37953
37954
37957
37958
37959
37960
37961
37963
37964
37965
37968
37969
37970
37971
37973
37974
37975
37977
37980
37981
37983
37984
37986
37987
37988
37994
37995
37996
37997
37998
38000
38001
38002
38003
38004
38006
38007
38008
38009
38010
38011
38012
38013
38015
38018
38019
38020
38021
38025
38027
38028
38030
38034
38035
38036
38037
38038
38039
38040
38041
38042
38043
38044
38045
38046
38047
38049
38050
38051
38053
38055
38057
38058
38061
38062
38063
38064
38065
38069
38070
38071
38072
38074
38075
38077
38078
38079
38080
38081
38082
38083
38084
38086
38087
38090
38091
38095
38098
38099
38100
38102
38103
38104
38106
38107
38108
38109
38111
38112
38113
38114
38115
38116
38117
38118
38119
38122
38123
38124
38125
38127
38128
38131
38132
38134
38138
38139
38140
38141
38143
38144
38145
38147
38149
38150
38151
38152
38153
38156
38159
38161
38162
38163
38164
38167
38168
38169
38170
38173
38174
38175
38176
38177
38178
38179
38180
38181
38182
38183
38184
38186
38187
38189
38191
38192
38196
38197
38198
38199
38200
38201
38202
38203
38206
38208
38210
38211
38212
38213
38214
38217
38218
38220
38221
38225
38226
38227
38229
38230
38231
38232
38233
38234
38237
38241
38242
38248
38249
38250
38251
38252
38253
38255
38257
38258
38259
38261
38262
38264
38265
38266
38267
38268
38269
38271
38272
38274
38275
38276
38277
38279
38281
38283
38286
38287
38288
38290
38291
38292
38293
38296
38297
38300
38302
38303
38304
38305
38308
38310
38311
38312
38314
38316
38317
38319
38320
38321
38322
38328
38330
38331
38332
38333
38334
38335
38336
38338
38340
38342
38343
38345
38346
38347
38348
38349
38352
38353
38354
38358
38359
38360
38361
38362
38363
38364
38365
38366
38368
38369
38370
38372
38374
38376
38377
38378
38379
38380
38383
38384
38385
38388
38390
38391
38392
38393
38396
38400
38402
38404
38405
38406
38407
38410
38411
38413
38416
38417
38423
38427
38428
38429
38430
38431
38432
38433
38434
38435
38441
38442
38444
38447
38448
38450
38453
38454
38455
38457
38459
38460
38464
38465
38470
38472
38473
38474
38476
38478
38479
38481
38482
38483
38485
38487
38488
38492
38494
38497
38498
38501
38503
38504
38505
38506
38508
38509
38510
38511
38512
38513
38514
38515
38516
38517
38518
38519
38526
38527
38531
38532
38533
38534
38537
38541
38542
38545
38546
38547
38549
38550
38551
38553
38554
38556
38558
38559
38560
38561
38562
38563
38564
38566
38567
38568
38569
38570
38573
38575
38576
38578
38579
38581
38582
38583
38584
38585
38586
38587
38588
38589
38590
38591
38592
38593
38594
38595
38597
38599
38601
38602
38603
38604
38605
38606
38607
38608
38609
38611
38612
38613
38614
38615
38616
38618
38619
38620
38621
38622
38627
38628
38629
38630
38633
38634
38635
38636
38637
38638
38639
38640
38642
38643
38644
38645
38646
38647
38648
38650
38654
38655
38657
38658
38660
38662
38663
38664
38665
38668
38672
38673
38674
38675
38676
38677
38678
38681
38684
38685
38686
38689
38691
38692
38693
38697
38698
38699
38700
38701
38702
38704
38706
38707
38710
38711
38712
38717
38718
38719
38720
38721
38724
38726
38727
38728
38730
38731
38735
38736
38737
38738
38739
38740
38741
38742
38743
38745
38749
38750
38752
38755
38757
38758
38759
38760
38761
38762
38765
38767
38768
38769
38770
38771
38772
38773
38774
38775
38776
38777
38778
38779
38782
38783
38785
38790
38793
38795
38802
38805
38806
38808
38811
38812
38814
38815
38817
38819
38821
38822
38824
38825
38826
38827
38828
38829
38830
38831
38833
38834
38835
38836
38839
38840
38841
38842
38844
38846
38848
38851
38852
38853
38854
38858
38861
38862
38863
38864
38865
38868
38871
38874
38875
38877
38878
38879
38882
38883
38884
38885
38886
38892
38894
38895
38896
38898
38899
38901
38902
38906
38907
38910
38912
38915
38916
38917
38920
38921
38922
38923
38924
38925
38926
38928
38929
38931
38933
38935
38937
38939
38940
38941
38942
38943
38944
38945
38946
38949
38950
38951
38952
38954
38956
38958
38959
38962
38963
38964
38969
38970
38971
38972
38973
38976
38977
38981
38983
38984
38985
38986
38988
38989
38992
38993
38994
38995
39000
39004
39008
39009
39010
39011
39014
39015
39016
39019
39021
39025
39026
39027
39031
39037
39044
39046
39047
39049
39051
39052
39054
39057
39058
39059
39062
39063
39064
39066
39067
39068
39069
39071
39072
39076
39079
39080
39083
39084
39085
39086
39087
39088
39089
39090
39092
39096
39097
39099
39100
39101
39102
39106
39109
39110
39112
39114
39115
39116
39117
39118
39119
39120
39121
39122
39125
39127
39128
39130
39133
39134
39135
39136
39138
39140
39141
39143
39144
39147
39149
39151
39152
39154
39159
39160
39161
39162
39163
39164
39165
39166
39167
39168
39170
39172
39176
39182
39183
39185
39186
39187
39188
39189
39190
39191
39194
39195
39197
39198
39199
39200
39201
39202
39205
39206
39208
39209
39213
39215
39219
39220
39223
39224
39225
39226
39227
39228
39230
39231
39232
39234
39235
39236
39237
39239
39240
39241
39244
39245
39246
39249
39250
39251
39252
39253
39255
39257
39259
39261
39263
39264
39266
39267
39268
39270
39271
39272
39276
39277
39278
39279
39280
39285
39286
39288
39289
39290
39291
39292
39293
39294
39295
39298
39301
39302
39304
39305
39306
39307
39310
39311
39313
39317
39319
39320
39322
39324
39325
39326
39327
39328
39331
39332
39334
39336
39337
39338
39342
39343
39348
39349
39350
39351
39353
39356
39358
39359
39360
39361
39363
39364
39365
39366
39367
39369
39371
39373
39374
39375
39376
39379
39380
39383
39386
39390
39392
39393
39394
39395
39396
39397
39398
39399
39400
39401
39404
39405
39406
39409
39410
39411
39412
39414
39416
39418
39419
39420
39421
39423
39425
39426
39427
39428
39429
39430
39431
39433
39435
39439
39440
39441
39446
39447
39448
39449
39450
39452
39455
39456
39457
39459
39460
39465
39472
39474
39477
39478
39479
39480
39481
39482
39485
39486
39487
39489
39490
39491
39495
39496
39498
39499
39501
39502
39503
39504
39505
39508
39509
39513
39514
39515
39517
39518
39520
39523
39524
39525
39527
39529
39534
39535
39536
39540
39542
39543
39546
39549
39552
39553
39554
39555
39556
39558
39559
39560
39564
39566
39568
39569
39571
39572
39573
39575
39576
39577
39578
39579
39580
39582
39583
39585
39588
39590
39591
39594
39595
39596
39597
39598
39601
39603
39604
39605
39608
39610
39611
39612
39614
39617
39620
39622
39623
39624
39626
39627
39628
39630
39633
39635
39636
39639
39640
39641
39642
39643
39645
39646
39647
39649
39650
39652
39655
39656
39657
39658
39659
39660
39661
39663
39664
39665
39666
39667
39669
39670
39674
39676
39677
39678
39679
39680
39682
39683
39687
39688
39690
39692
39693
39694
39695
39699
39701
39703
39705
39706
39708
39709
39712
39713
39714
39716
39717
39719
39721
39722
39725
39728
39730
39731
39734
39736
39737
39738
39739
39742
39743
39744
39746
39747
39749
39750
39753
39754
39756
39757
39758
39761
39762
39763
39764
39765
39766
39768
39771
39773
39774
39780
39781
39783
39784
39785
39786
39787
39788
39789
39790
39791
39796
39797
39798
39801
39803
39804
39805
39806
39808
39809
39810
39811
39812
39813
39815
39816
39818
39820
39823
39824
39825
39828
39829
39833
39834
39837
39839
39840
39841
39844
39845
39846
39848
39851
39852
39853
39854
39855
39856
39859
39861
39862
39863
39864
39865
39866
39869
39870
39872
39874
39875
39876
39878
39879
39880
39881
39882
39885
39887
39888
39890
39891
39897
39899
39900
39901
39902
39904
39906
39908
39909
39912
39913
39914
39916
39917
39918
39919
39920
39921
39925
39926
39927
39928
39929
39931
39933
39934
39935
39937
39938
39941
39942
39943
39944
39945
39946
39948
39950
39952
39954
39955
39957
39958
39959
39960
39961
39962
39963
39965
39966
39967
39968
39969
39971
39973
39974
39976
39978
39979
39980
39983
39986
39987
39988
39989
39990
39992
39993
39998
39999
40000
40001
40002
40003
40004
40005
40006
40007
40008
40010
40012
40013
40014
40015
40018
40019
40020
40022
40023
40024
40025
40026
40027
40028
40031
40033
40034
40035
40036
40037
40038
40042
40043
40044
40045
40048
40049
40050
40052
40053
40054
40056
40059
40060
40062
40065
40066
40068
40069
40070
40071
40072
40075
40077
40078
40079
40080
40086
40087
40088
40089
40090
40092
40095
40096
40098
40099
40101
40103
40106
40108
40111
40112
40115
40116
40118
40124
40125
40126
40127
40130
40132
40133
40135
40138
40139
40140
40141
40142
40144
40145
40149
40150
40151
40152
40153
40155
40156
40157
40158
40160
40161
40163
40165
40166
40167
40172
40174
40175
40176
40183
40186
40187
40189
40190
40196
40198
40199
40200
40203
40204
40206
40214
40215
40216
40218
40219
40220
40222
40225
40226
40227
40229
40232
40233
40235
40236
40237
40240
40241
40243
40244
40245
40246
40249
40251
40254
40255
40256
40257
40261
40263
40266
40268
40269
40271
40273
40274
40277
40278
40279
40280
40281
40283
40284
40285
40286
40288
40289
40290
40294
40295
40296
40297
40299
40300
40301
40302
40303
40306
40307
40310
40311
40312
40313
40314
40316
40318
40319
40320
40322
40323
40325
40328
40331
40332
40334
40340
40343
40345
40346
40348
40349
40350
40352
40353
40354
40356
40357
40359
40360
40362
40363
40367
40369
40370
40371
40372
40378
40380
40381
40384
40385
40386
40387
40388
40389
40391
40392
40393
40395
40396
40397
40398
40401
40402
40403
40405
40406
40407
40408
40409
40410
40412
40415
40418
40419
40420
40421
40424
40425
40427
40429
40431
40432
40434
40435
40436
40437
40438
40439
40440
40441
40442
40443
40444
40445
40446
40447
40450
40451
40453
40454
40456
40457
40461
40462
40463
40464
40466
40467
40468
40469
40471
40472
40474
40476
40477
40478
40480
40481
40483
40485
40486
40489
40490
40493
40497
40498
40499
40500
40501
40502
40504
40505
40506
40508
40510
40511
40514
40516
40517
40518
40519
40520
40521
40523
40525
40526
40527
40528
40530
40531
40533
40534
40535
40538
40539
40540
40542
40543
40545
40546
40547
40549
40551
40552
40553
40555
40556
40558
40560
40563
40565
40566
40567
40570
40572
40573
40574
40575
40577
40582
40583
40584
40585
40586
40587
40589
40591
40592
40594
40595
40597
40598
40599
40601
40602
40603
40605
40606
40607
40608
40609
40611
40612
40615
40618
40619
40621
40622
40623
40624
40625
40626
40627
40629
40630
40631
40632
40635
40636
40637
40640
40641
40642
40647
40651
40652
40654
40659
40660
40661
40662
40663
40666
40667
40668
40671
40674
40676
40677
40681
40682
40683
40688
40689
40690
40693
40694
40696
40697
40700
40703
40704
40705
40707
40709
40711
40712
40713
40715
40716
40717
40718
40719
40722
40725
40726
40727
40730
40731
40732
40734
40736
40737
40739
40741
40742
40743
40745
40746
40747
40748
40749
40750
40751
40752
40753
40756
40757
40759
40760
40762
40763
40764
40766
40767
40768
40769
40770
40773
40775
40776
40778
40779
40780
40781
40782
40783
40786
40788
40789
40791
40792
40793
40794
40795
40796
40798
40799
40800
40801
40803
40804
40805
40807
40809
40812
40813
40814
40815
40819
40820
40822
40823
40824
40825
40827
40828
40829
40830
40831
40832
40836
40837
40839
40840
40841
40842
40844
40845
40846
40849
40858
40859
40861
40866
40867
40868
40869
40870
40872
40874
40876
40878
40879
40882
40883
40885
40887
40888
40889
40890
40891
40892
40893
40896
40897
40900
40902
40903
40904
40906
40907
40910
40912
40913
40914
40915
40916
40918
40920
40921
40922
40923
40924
40925
40928
40930
40931
40932
40933
40934
40939
40940
40941
40942
40943
40944
40945
40946
40947
40948
40949
40951
40952
40953
40956
40957
40959
40960
40961
40962
40963
40965
40967
40968
40970
40971
40972
40973
40974
40975
40980
40982
40983
40985
40986
40987
40989
40991
40993
40994
40995
40998
40999
41000
41001
41004
41006
41008
41009
41010
41011
41014
41018
41021
41022
41026
41030
41032
41033
41034
41035
41040
41042
41043
41045
41046
41047
41050
41052
41055
41058
41060
41061
41062
41066
41067
41069
41070
41072
41073
41075
41076
41078
41079
41080
41081
41083
41084
41085
41088
41090
41093
41096
41099
41101
41102
41104
41105
41106
41109
41111
41113
41115
41116
41118
41119
41120
41121
41122
41124
41125
41126
41127
41132
41133
41135
41137
41139
41141
41143
41144
41148
41149
41152
41154
41156
41158
41159
41160
41162
41163
41166
41167
41168
41169
41171
41172
41173
41174
41180
41182
41184
41185
41188
41189
41190
41191
41192
41195
41198
41199
41200
41201
41204
41206
41207
41208
41210
41211
41212
41213
41214
41218
41219
41220
41221
41222
41223
41226
41227
41228
41230
41232
41234
41235
41237
41238
41239
41240
41241
41242
41243
41244
41245
41246
41247
41248
41251
41252
41256
41257
41258
41259
41260
41262
41263
41265
41266
41267
41268
41270
41271
41275
41277
41279
41281
41282
41285
41288
41290
41291
41292
41293
41294
41296
41297
41298
41300
41302
41304
41306
41308
41309
41310
41312
41313
41314
41315
41316
41317
41318
41320
41321
41322
41324
41326
41327
41331
41333
41334
41336
41338
41339
41340
41342
41343
41345
41348
41349
41350
41351
41352
41353
41356
41357
41358
41360
41363
41364
41367
41368
41370
41372
41374
41377
41378
41379
41381
41382
41385
41386
41387
41388
41389
41390
41392
41394
41398
41400
41402
41403
41404
41405
41406
41407
41409
41411
41412
41415
41417
41418
41420
41421
41423
41424
41425
41426
41430
41431
41432
41435
41436
41437
41440
41443
41445
41446
41447
41451
41452
41453
41454
41456
41457
41458
41459
41461
41467
41468
41470
41471
41472
41473
41474
41475
41477
41478
41481
41485
41487
41489
41490
41491
41494
41495
41496
41497
41498
41502
41503
41504
41506
41507
41508
41510
41512
41513
41514
41515
41516
41518
41519
41521
41525
41527
41529
41530
41532
41535
41536
41538
41541
41542
41544
41546
41549
41550
41552
41553
41555
41556
41557
41558
41559
41560
41564
41565
41567
41568
41569
41570
41571
41572
41573
41575
41577
41578
41579
41581
41582
41583
41585
41586
41587
41590
41591
41592
41593
41595
41596
41597
41600
41602
41604
41606
41607
41609
41610
41612
41613
41614
41615
41616
41617
41618
41619
41620
41621
41622
41623
41624
41626
41627
41629
41630
41632
41633
41634
41635
41637
41638
41639
41640
41641
41643
41644
41645
41646
41650
41651
41654
41656
41657
41658
41659
41661
41662
41664
41665
41667
41668
41670
41671
41673
41674
41677
41678
41679
41680
41681
41682
41683
41684
41685
41687
41688
41690
41691
41692
41694
41699
41700
41701
41702
41703
41704
41705
41707
41708
41709
41710
41713
41714
41717
41720
41721
41722
41724
41725
41726
41727
41729
41730
41733
41734
41735
41736
41737
41739
41742
41743
41744
41746
41748
41749
41750
41751
41752
41753
41754
41757
41758
41760
41761
41763
41767
41768
41769
41771
41772
41773
41774
41775
41776
41777
41781
41782
41783
41784
41785
41786
41787
41788
41790
41791
41792
41793
41796
41797
41799
41801
41802
41803
41804
41808
41809
41810
41811
41812
41813
41815
41816
41817
41818
41820
41821
41823
41825
41826
41827
41829
41830
41832
41833
41834
41836
41837
41838
41839
41840
41841
41844
41847
41848
41852
41853
41854
41855
41856
41859
41860
41863
41864
41865
41866
41869
41870
41871
41872
41874
41876
41877
41878
41880
41882
41885
41887
41889
41890
41891
41892
41894
41895
41898
41899
41900
41902
41904
41912
41913
41914
41915
41917
41918
41921
41922
41923
41924
41925
41927
41928
41929
41931
41936
41937
41938
41941
41942
41943
41946
41949
41950
41952
41953
41956
41957
41958
41959
41960
41961
41964
41966
41967
41968
41969
41970
41972
41973
41977
41978
41979
41980
41981
41982
41984
41985
41986
41988
41989
41990
41991
41994
41995
41996
41997
42000
42001
42004
42005
42007
42009
42010
42012
42013
42014
42015
42016
42017
42018
42019
42020
42021
42022
42023
42027
42029
42030
42032
42033
42034
42035
42036
42038
42043
42044
42045
42047
42050
42052
42054
42055
42058
42059
42060
42061
42064
42065
42066
42067
42068
42069
42070
42071
42072
42075
42076
42078
42081
42084
42086
42088
42089
42090
42092
42096
42098
42099
42102
42103
42104
42106
42107
42108
42109
42110
42113
42116
42118
42119
42120
42122
42123
42124
42125
42126
42127
42130
42134
42136
42137
42139
42140
42141
42143
42144
42145
42146
42147
42148
42149
42151
42154
42155
42157
42158
42160
42161
42163
42164
42165
42166
42167
42169
42171
42172
42174
42179
42180
42181
42182
42184
42185
42187
42188
42189
42190
42191
42192
42194
42195
42198
42199
42200
42201
42203
42206
42207
42208
42209
42210
42212
42213
42215
42217
42221
42222
42224
42225
42226
42228
42229
42230
42231
42235
42237
42238
42239
42240
42241
42243
42244
42245
42246
42248
42250
42251
42253
42255
42256
42259
42265
42266
42269
42270
42272
42273
42275
42278
42281
42287
42288
42289
42290
42291
42292
42293
42294
42296
42297
42298
42299
42301
42302
42303
42304
42305
42307
42310
42312
42316
42322
42323
42324
42326
42329
42332
42333
42334
42335
42336
42337
42339
42340
42342
42343
42345
42346
42347
42348
42351
42352
42353
42355
42356
42357
42359
42360
42361
42363
42364
42365
42367
42368
42375
42376
42377
42378
42379
42380
42382
42383
42385
42386
42387
42390
42391
42392
42393
42395
42397
42400
42404
42405
42407
42408
42409
42410
42412
42414
42416
42417
42418
42420
42422
42425
42426
42428
42429
42431
42432
42433
42434
42439
42440
42441
42443
42444
42446
42450
42452
42453
42454
42457
42458
42461
42463
42465
42466
42468
42469
42470
42472
42474
42475
42476
42478
42479
42480
42481
42484
42487
42488
42489
42490
42492
42493
42494
42495
42496
42497
42498
42501
42504
42505
42506
42507
42508
42510
42511
42513
42515
42516
42517
42518
42520
42523
42524
42525
42526
42527
42529
42530
42532
42534
42535
42536
42537
42538
42539
42540
42542
42545
42546
42547
42548
42550
42552
42554
42555
42556
42557
42561
42564
42565
42568
42571
42572
42573
42574
42575
42577
42579
42582
42583
42584
42586
42587
42588
42589
42590
42591
42595
42597
42598
42604
42605
42607
42608
42609
42610
42611
42613
42614
42615
42616
42617
42618
42620
42621
42622
42623
42624
42625
42626
42627
42628
42631
42632
42634
42635
42636
42640
42641
42642
42644
42646
42647
42650
42651
42652
42653
42654
42655
42658
42659
42662
42663
42664
42665
42666
42667
42668
42670
42671
42674
42675
42676
42677
42678
42679
42680
42684
42686
42687
42689
42690
42691
42692
42693
42694
42695
42696
42697
42698
42699
42700
42702
42703
42706
42707
42708
42710
42712
42713
42714
42715
42716
42718
42720
42721
42723
42724
42725
42726
42728
42729
42730
42732
42734
42735
42736
42739
42740
42741
42742
42744
42745
42746
42747
42748
42751
42752
42753
42755
42758
42762
42764
42767
42768
42769
42770
42771
42773
42774
42775
42776
42778
42779
42780
42781
42782
42783
42784
42785
42786
42787
42788
42790
42792
42794
42795
42797
42798
42800
42802
42803
42804
42805
42806
42807
42809
42810
42811
42812
42814
42816
42818
42819
42821
42822
42823
42824
42826
42827
42828
42829
42830
42831
42832
42834
42836
42837
42838
42839
42840
42841
42842
42843
42844
42846
42852
42853
42856
42857
42859
42860
42861
42862
42863
42864
42865
42867
42868
42869
42870
42872
42873
42877
42880
42884
42885
42886
42890
42893
42894
42896
42899
42900
42901
42903
42904
42905
42907
42909
42912
42915
42916
42917
42918
42919
42920
42921
42922
42923
42924
42926
42927
42928
42929
42930
42932
42933
42934
42935
42937
42939
42940
42941
42944
42947
42948
42949
42953
42954
42955
42956
42957
42958
42959
42961
42963
42964
42965
42966
42968
42969
42970
42971
42972
42973
42974
42978
42981
42983
42986
42987
42990
42993
42994
42995
42996
42997
42998
43000
43002
43003
43004
43006
43007
43009
43013
43014
43015
43016
43017
43019
43020
43021
43022
43023
43024
43026
43027
43028
43029
43030
43031
43033
43034
43035
43037
43040
43041
43042
43043
43044
43045
43047
43050
43051
43052
43055
43056
43057
43058
43059
43060
43061
43064
43065
43067
43068
43069
43071
43072
43075
43076
43077
43079
43080
43081
43082
43083
43085
43086
43089
43090
43093
43094
43095
43098
43099
43100
43101
43103
43105
43107
43109
43110
43111
43115
43117
43119
43122
43124
43125
43126
43128
43130
43133
43134
43137
43138
43139
43141
43142
43143
43144
43146
43147
43148
43150
43151
43152
43153
43155
43162
43163
43164
43165
43169
43170
43172
43173
43175
43176
43177
43178
43183
43184
43186
43188
43192
43196
43197
43199
43201
43203
43204
43205
43211
43213
43214
43216
43218
43219
43220
43221
43223
43225
43228
43229
43230
43231
43232
43234
43238
43239
43240
43241
43242
43243
43245
43246
43247
43248
43249
43250
43251
43252
43253
43255
43258
43259
43260
43261
43262
43263
43264
43266
43267
43269
43270
43273
43275
43279
43281
43283
43285
43286
43288
43289
43292
43293
43294
43295
43296
43297
43298
43299
43300
43302
43304
43306
43307
43309
43311
43312
43314
43315
43318
43319
43321
43323
43324
43326
43328
43329
43330
43331
43333
43334
43335
43336
43340
43342
43343
43345
43347
43348
43349
43350
43351
43352
43353
43354
43355
43357
43358
43360
43361
43362
43365
43367
43368
43369
43370
43371
43373
43374
43375
43376
43378
43379
43381
43382
43383
43384
43385
43386
43387
43388
43389
43390
43391
43392
43393
43397
43398
43401
43402
43403
43404
43407
43410
43411
43413
43414
43416
43417
43419
43420
43421
43422
43423
43424
43425
43428
43429
43430
43432
43433
43434
43436
43438
43441
43442
43443
43444
43445
43447
43448
43452
43456
43457
43458
43459
43461
43462
43463
43464
43467
43468
43469
43470
43472
43473
43474
43479
43480
43482
43483
43484
43486
43489
43490
43492
43494
43495
43496
43497
43500
43502
43506
43507
43508
43509
43510
43511
43512
43513
43515
43517
43519
43521
43523
43525
43526
43528
43529
43531
43532
43533
43534
43537
43540
43543
43544
43545
43546
43548
43549
43550
43552
43553
43554
43555
43556
43558
43559
43561
43563
43565
43567
43568
43569
43570
43571
43573
43575
43576
43577
43580
43581
43583
43584
43587
43588
43589
43592
43593
43594
43597
43599
43601
43602
43603
43604
43605
43606
43607
43608
43609
43610
43617
43619
43621
43622
43625
43628
43630
43631
43632
43633
43634
43636
43638
43639
43640
43641
43642
43643
43644
43645
43646
43648
43649
43650
43653
43655
43656
43657
43658
43659
43661
43662
43663
43664
43666
43668
43669
43674
43675
43679
43680
43681
43683
43684
43685
43686
43688
43693
43697
43698
43699
43701
43702
43704
43705
43706
43707
43708
43709
43711
43712
43714
43715
43718
43719
43720
43722
43723
43724
43725
43729
43731
43732
43733
43734
43736
43737
43738
43739
43740
43741
43743
43744
43745
43746
43747
43749
43750
43751
43753
43755
43756
43757
43758
43759
43760
43763
43765
43766
43767
43769
43770
43771
43773
43774
43775
43777
43778
43780
43781
43783
43784
43785
43791
43792
43794
43800
43801
43802
43803
43804
43805
43806
43808
43809
43811
43816
43818
43819
43820
43821
43822
43823
43824
43826
43827
43828
43834
43835
43836
43838
43839
43840
43842
43843
43845
43846
43851
43852
43853
43855
43856
43858
43859
43860
43863
43867
43868
43871
43872
43873
43874
43875
43878
43879
43880
43884
43886
43887
43888
43889
43891
43892
43893
43894
43895
43898
43900
43901
43902
43903
43904
43905
43907
43908
43909
43912
43914
43915
43923
43924
43925
43927
43928
43930
43933
43934
43939
43940
43941
43942
43943
43944
43945
43946
43949
43950
43952
43953
43955
43956
43957
43958
43959
43961
43962
43966
43967
43968
43969
43972
43973
43974
43975
43976
43977
43979
43980
43981
43983
43985
43986
43987
43988
43989
43991
43992
43993
43995
43996
43999
44001
44002
44004
44006
44007
44010
44011
44012
44013
44014
44016
44018
44022
44025
44030
44031
44032
44034
44035
44037
44038
44041
44042
44043
44044
44046
44047
44049
44050
44052
44053
44054
44056
44059
44060
44061
44064
44065
44066
44068
44069
44070
44071
44072
44073
44076
44077
44078
44079
44082
44083
44085
44086
44089
44092
44093
44095
44096
44098
44099
44103
44104
44106
44108
44109
44113
44114
44116
44117
44119
44122
44124
44126
44127
44128
44129
44131
44133
44135
44136
44137
44139
44140
44141
44146
44148
44150
44152
44153
44157
44158
44159
44160
44162
44165
44169
44172
44176
44179
44180
44181
44182
44186
44187
44188
44190
44191
44192
44193
44195
44198
44201
44203
44204
44205
44207
44209
44210
44211
44212
44214
44215
44219
44221
44222
44225
44227
44228
44231
44232
44233
44234
44235
44237
44238
44239
44240
44242
44245
44247
44248
44250
44252
44254
44255
44257
44258
44259
44261
44262
44263
44265
44267
44268
44269
44270
44271
44272
44273
44274
44275
44276
44279
44281
44282
44285
44286
44287
44290
44291
44293
44294
44296
44297
44298
44299
44300
44304
44305
44306
44307
44308
44310
44311
44312
44315
44316
44317
44318
44319
44321
44324
44325
44326
44327
44329
44330
44332
44335
44337
44338
44340
44341
44342
44343
44344
44345
44347
44349
44351
44353
44354
44355
44357
44358
44360
44362
44363
44364
44365
44366
44367
44368
44369
44372
44374
44378
44379
44380
44381
44382
44383
44385
44387
44388
44389
44390
44391
44392
44393
44394
44395
44397
44398
44399
44400
44401
44405
44406
44408
44409
44412
44413
44418
44421
44422
44423
44424
44425
44426
44428
44431
44432
44433
44435
44437
44438
44439
44440
44441
44442
44443
44445
44446
44448
44450
44451
44452
44455
44457
44458
44459
44460
44461
44462
44463
44464
44465
44467
44468
44470
44471
44472
44474
44475
44476
44477
44478
44480
44481
44484
44487
44491
44493
44494
44496
44497
44498
44499
44500
44501
44504
44507
44508
44509
44510
44511
44512
44518
44519
44521
44522
44526
44528
44529
44530
44531
44534
44540
44541
44542
44544
44545
44546
44548
44549
44550
44553
44554
44556
44558
44559
44560
44561
44566
44567
44568
44569
44570
44571
44572
44573
44574
44575
44576
44577
44578
44579
44581
44583
44585
44587
44588
44589
44590
44591
44593
44595
44601
44602
44604
44605
44609
44610
44611
44614
44616
44617
44618
44619
44620
44621
44622
44623
44625
44626
44627
44628
44631
44632
44634
44635
44636
44638
44641
44645
44646
44647
44649
44650
44654
44656
44657
44660
44661
44662
44664
44666
44667
44668
44669
44670
44671
44672
44673
44675
44676
44677
44678
44679
44680
44681
44682
44685
44686
44690
44692
44693
44694
44696
44698
44699
44700
44701
44702
44704
44707
44708
44712
44713
44716
44717
44718
44720
44723
44724
44725
44726
44731
44735
44736
44739
44740
44742
44744
44746
44748
44749
44752
44753
44756
44758
44760
44761
44764
44765
44766
44767
44770
44771
44772
44773
44774
44775
44776
44777
44778
44779
44780
44781
44782
44784
44785
44786
44791
44792
44793
44795
44796
44797
44798
44800
44801
44802
44803
44806
44807
44808
44809
44811
44812
44813
44814
44815
44816
44817
44819
44821
44822
44823
44824
44825
44827
44828
44829
44831
44832
44834
44835
44837
44838
44839
44840
44841
44843
44844
44845
44846
44847
44848
44850
44851
44853
44854
44855
44857
44858
44860
44861
44863
44864
44865
44866
44867
44868
44869
44871
44874
44876
44877
44879
44882
44883
44884
44886
44891
44892
44893
44895
44896
44897
44900
44901
44902
44904
44907
44908
44909
44910
44912
44915
44916
44917
44920
44921
44922
44923
44924
44928
44929
44932
44935
44942
44943
44947
44951
44952
44953
44954
44956
44959
44961
44962
44963
44964
44965
44966
44967
44968
44971
44972
44973
44975
44976
44977
44979
44980
44981
44982
44984
44985
44986
44992
44993
44994
44996
44997
44998
45001
45002
45003
45004
45005
45008
45009
45010
45011
45012
45015
45016
45018
45020
45022
45023
45024
45025
45026
45030
45031
45032
45033
45034
45035
45036
45039
45041
45042
45044
45045
45047
45048
45050
45054
45055
45057
45058
45059
45060
45062
45063
45064
45065
45069
45070
45071
45072
45073
45074
45075
45076
45080
45082
45083
45084
45085
45086
45087
45088
45090
45091
45092
45093
45099
45100
45101
45102
45104
45106
45107
45111
45112
45114
45115
45119
45120
45124
45125
45126
45127
45128
45132
45134
45135
45136
45137
45139
45141
45142
45143
45145
45147
45148
45152
45153
45157
45158
45160
45161
45162
45163
45164
45165
45166
45167
45168
45177
45178
45179
45180
45181
45183
45184
45187
45188
45189
45190
45191
45192
45193
45194
45195
45198
45202
45203
45206
45207
45208
45211
45212
45213
45214
45217
45219
45221
45223
45224
45226
45227
45228
45229
45230
45231
45233
45234
45235
45236
45237
45239
45240
45241
45242
45243
45245
45246
45249
45250
45251
45254
45256
45257
45258
45259
45260
45262
45263
45264
45266
45268
45270
45273
45274
45276
45277
45283
45285
45286
45287
45289
45290
45292
45293
45294
45296
45297
45298
45299
45301
45303
45305
45307
45308
45312
45313
45315
45319
45321
45323
45324
45325
45327
45328
45330
45333
45334
45335
45336
45337
45339
45340
45341
45350
45352
45353
45354
45355
45356
45361
45363
45367
45368
45369
45370
45371
45372
45374
45375
45378
45380
45381
45382
45383
45388
45389
45390
45391
45392
45394
45396
45397
45398
45399
45400
45401
45402
45404
45405
45408
45409
45412
45413
45414
45420
45421
45424
45425
45428
45431
45433
45434
45439
45440
45441
45442
45443
45445
45446
45447
45448
45449
45450
45451
45453
45454
45456
45457
45458
45459
45460
45462
45463
45466
45471
45473
45476
45477
45478
45480
45481
45482
45483
45484
45485
45487
45488
45491
45495
45497
45499
45501
45502
45504
45505
45507
45508
45510
45513
45517
45518
45519
45522
45523
45525
45526
45527
45528
45529
45531
45533
45535
45537
45538
45542
45543
45546
45547
45549
45550
45551
45552
45553
45554
45555
45556
45561
45562
45563
45566
45569
45570
45571
45573
45574
45575
45577
45578
45579
45580
45582
45583
45586
45587
45588
45589
45590
45591
45593
45594
45596
45597
45598
45599
45600
45601
45604
45610
45611
45612
45613
45616
45617
45620
45621
45622
45623
45624
45625
45626
45628
45629
45631
45632
45634
45635
45636
45637
45638
45639
45640
45641
45642
45644
45645
45646
45648
45649
45650
45651
45652
45653
45654
45655
45656
45657
45658
45659
45660
45661
45662
45663
45666
45667
45669
45673
45674
45676
45678
45679
45680
45683
45685
45689
45692
45693
45694
45695
45696
45698
45699
45700
45701
45702
45705
45706
45709
45710
45713
45714
45715
45716
45717
45718
45721
45722
45723
45724
45725
45726
45727
45728
45729
45730
45731
45732
45733
45737
45740
45741
45742
45743
45744
45745
45746
45748
45749
45750
45751
45752
45753
45755
45756
45757
45758
45760
45761
45766
45767
45768
45769
45770
45771
45772
45773
45774
45775
45776
45777
45778
45781
45785
45788
45789
45790
45793
45794
45795
45796
45797
45799
45801
45802
45803
45804
45805
45806
45809
45811
45813
45815
45816
45821
45824
45827
45829
45830
45831
45833
45834
45835
45838
45839
45840
45841
45842
45843
45844
45845
45846
45847
45848
45849
45850
45851
45853
45857
45859
45860
45861
45864
45865
45867
45868
45869
45872
45875
45876
45877
45878
45879
45880
45881
45882
45883
45886
45887
45889
45891
45892
45895
45898
45899
45900
45901
45902
45903
45906
45907
45908
45909
45911
45912
45914
45915
45917
45918
45922
45923
45924
45927
45929
45930
45932
45933
45934
45935
45936
45938
45939
45940
45941
45943
45945
45946
45947
45950
45951
45953
45954
45955
45956
45958
45959
45960
45962
45964
45965
45966
45967
45969
45970
45971
45972
45974
45975
45976
45977
45980
45981
45983
45984
45985
45986
45987
45988
45989
45990
45992
45993
45995
45997
45998
46000
46001
46002
46003
46004
46006
46007
46009
46010
46011
46012
46013
46017
46020
46022
46024
46025
46026
46027
46029
46032
46033
46035
46038
46039
46040
46042
46044
46045
46049
46050
46051
46052
46053
46054
46055
46056
46057
46060
46062
46063
46064
46065
46066
46067
46072
46073
46075
46079
46080
46081
46083
46085
46086
46089
46093
46097
46098
46103
46104
46105
46106
46107
46108
46110
46112
46113
46114
46115
46116
46117
46118
46119
46122
46123
46124
46125
46126
46128
46129
46130
46131
46135
46136
46137
46138
46139
46140
46143
46145
46146
46148
46149
46150
46151
46153
46154
46155
46157
46158
46159
46160
46162
46163
46164
46165
46166
46167
46170
46171
46172
46175
46177
46180
46183
46184
46186
46187
46188
46190
46192
46193
46198
46199
46200
46201
46203
46204
46205
46207
46208
46209
46210
46211
46213
46214
46216
46218
46219
46221
46222
46223
46224
46225
46227
46228
46229
46230
46231
46233
46234
46235
46237
46239
46240
46242
46243
46244
46245
46246
46247
46249
46250
46251
46253
46254
46256
46258
46263
46268
46269
46270
46277
46279
46280
46281
46283
46284
46287
46289
46292
46293
46294
46295
46297
46303
46305
46306
46307
46310
46311
46317
46319
46320
46322
46323
46324
46327
46328
46329
46333
46334
46335
46336
46338
46339
46340
46341
46345
46347
46348
46352
46353
46354
46355
46356
46357
46360
46362
46363
46367
46368
46369
46371
46373
46376
46377
46378
46380
46381
46384
46385
46390
46392
46393
46395
46396
46397
46398
46399
46400
46401
46405
46406
46408
46415
46416
46417
46418
46420
46421
46422
46423
46425
46427
46429
46430
46431
46432
46433
46434
46435
46436
46437
46439
46440
46441
46445
46446
46447
46449
46451
46453
46454
46456
46458
46460
46462
46463
46467
46470
46471
46472
46473
46475
46476
46477
46478
46479
46480
46482
46486
46488
46489
46490
46491
46493
46494
46495
46496
46497
46499
46500
46501
46503
46504
46507
46508
46510
46511
46513
46516
46517
46518
46519
46521
46525
46526
46527
46529
46531
46533
46535
46536
46537
46539
46541
46543
46545
46547
46548
46550
46551
46552
46554
46555
46556
46557
46558
46560
46561
46563
46565
46566
46568
46569
46571
46572
46573
46574
46575
46576
46577
46578
46580
46583
46584
46585
46586
46589
46590
46591
46593
46594
46595
46598
46599
46600
46602
46603
46605
46607
46608
46611
46612
46613
46614
46616
46617
46618
46620
46621
46622
46623
46625
46626
46627
46629
46631
46633
46634
46635
46636
46637
46638
46639
46641
46643
46645
46650
46651
46653
46655
46658
46659
46660
46661
46663
46664
46665
46668
46669
46670
46672
46674
46677
46678
46679
46680
46681
46684
46686
46687
46688
46689
46692
46694
46696
46698
46699
46700
46701
46702
46703
46705
46706
46707
46709
46710
46712
46714
46715
46716
46717
46719
46722
46723
46724
46727
46728
46729
46732
46733
46735
46736
46737
46741
46744
46748
46751
46752
46755
46757
46758
46759
46761
46763
46764
46765
46766
46767
46768
46769
46771
46773
46774
46777
46779
46780
46781
46783
46784
46785
46787
46788
46789
46791
46792
46793
46796
46797
46798
46800
46802
46804
46806
46807
46808
46809
46810
46811
46815
46816
46817
46820
46821
46824
46825
46826
46828
46829
46830
46831
46835
46836
46838
46839
46840
46843
46844
46848
46850
46853
46856
46858
46859
46860
46862
46865
46867
46869
46870
46871
46873
46874
46877
46878
46881
46882
46883
46884
46885
46886
46887
46889
46890
46892
46893
46894
46895
46896
46898
46899
46900
46902
46904
46905
46907
46908
46910
46911
46912
46913
46914
46915
46917
46921
46922
46923
46925
46932
46933
46935
46936
46937
46938
46939
46940
46941
46943
46945
46947
46948
46949
46952
46953
46954
46955
46958
46959
46961
46963
46966
46967
46968
46969
46970
46972
46973
46974
46976
46977
46978
46979
46980
46984
46985
46987
46988
46989
46990
46991
46992
46993
46994
46995
46997
46998
47000
47002
47003
47004
47005
47007
47008
47010
47013
47014
47016
47018
47019
47021
47022
47026
47027
47028
47029
47031
47033
47035
47036
47037
47042
47044
47045
47046
47049
47050
47051
47053
47055
47057
47058
47060
47061
47062
47064
47065
47066
47067
47068
47069
47070
47071
47072
47073
47075
47076
47078
47079
47080
47081
47082
47085
47087
47090
47091
47094
47096
47097
47098
47099
47100
47101
47102
47105
47106
47107
47108
47109
47110
47112
47113
47114
47117
47118
47121
47122
47123
47125
47126
47127
47128
47131
47132
47133
47134
47135
47137
47140
47141
47142
47144
47145
47147
47148
47149
47152
47153
47154
47155
47156
47157
47159
47160
47161
47162
47163
47166
47168
47169
47173
47174
47178
47179
47180
47181
47182
47183
47184
47186
47187
47188
47192
47194
47195
47200
47202
47206
47208
47209
47211
47212
47214
47216
47217
47219
47221
47222
47223
47224
47226
47227
47229
47230
47232
47233
47234
47235
47236
47237
47238
47239
47240
47243
47244
47246
47249
47252
47254
47257
47258
47260
47261
47265
47266
47268
47269
47270
47271
47272
47273
47275
47277
47279
47280
47281
47282
47283
47287
47290
47291
47295
47296
47298
47299
47300
47301
47302
47303
47304
47306
47308
47310
47311
47313
47315
47316
47317
47318
47319
47320
47321
47322
47325
47327
47329
47332
47333
47338
47339
47340
47341
47345
47346
47347
47351
47352
47353
47354
47355
47359
47360
47361
47363
47365
47366
47367
47368
47370
47371
47372
47373
47374
47376
47377
47378
47383
47385
47389
47392
47393
47395
47396
47399
47400
47401
47402
47403
47405
47406
47408
47409
47410
47411
47414
47415
47417
47420
47421
47423
47424
47425
47428
47429
47431
47436
47437
47440
47445
47446
47447
47448
47449
47450
47451
47452
47453
47454
47455
47456
47457
47458
47459
47460
47461
47462
47463
47464
47465
47466
47468
47469
47470
47471
47473
47474
47476
47478
47479
47480
47481
47483
47485
47486
47488
47489
47490
47491
47492
47495
47496
47497
47498
47500
47501
47502
47504
47505
47510
47511
47514
47516
47517
47520
47522
47523
47524
47525
47527
47528
47529
47530
47531
47532
47533
47534
47535
47537
47538
47539
47541
47542
47545
47547
47548
47549
47550
47552
47554
47555
47557
47558
47560
47561
47562
47566
47572
47573
47574
47575
47576
47577
47579
47581
47583
47586
47587
47589
47591
47592
47593
47595
47596
47597
47598
47599
47600
47601
47602
47606
47608
47609
47610
47611
47612
47613
47614
47615
47616
47617
47619
47620
47621
47623
47624
47625
47626
47627
47628
47629
47631
47633
47634
47635
47636
47638
47639
47640
47641
47644
47645
47646
47648
47650
47652
47654
47655
47656
47658
47659
47660
47661
47662
47663
47665
47666
47667
47669
47670
47673
47674
47676
47677
47678
47679
47682
47683
47684
47686
47687
47691
47693
47694
47696
47697
47699
47700
47701
47702
47703
47704
47705
47706
47707
47708
47709
47712
47713
47714
47721
47722
47723
47724
47726
47728
47730
47731
47733
47734
47735
47736
47740
47742
47744
47745
47746
47749
47750
47752
47753
47755
47757
47761
47765
47766
47768
47771
47773
47774
47776
47777
47779
47780
47781
47783
47786
47787
47789
47791
47793
47794
47795
47797
47798
47799
47800
47801
47802
47803
47807
47808
47809
47810
47811
47812
47815
47816
47817
47818
47819
47820
47821
47822
47823
47827
47832
47833
47834
47835
47839
47840
47841
47843
47846
47848
47850
47851
47852
47853
47855
47856
47857
47858
47860
47861
47862
47863
47864
47866
47867
47868
47869
47872
47873
47875
47876
47877
47878
47880
47881
47886
47887
47888
47889
47890
47891
47893
47894
47895
47896
47897
47898
47899
47900
47901
47902
47903
47904
47905
47907
47911
47912
47913
47915
47916
47918
47920
47922
47925
47927
47929
47932
47933
47934
47935
47938
47939
47940
47941
47944
47945
47947
47949
47951
47952
47953
47956
47958
47959
47960
47961
47962
47963
47965
47968
47971
47972
47973
47975
47976
47978
47983
47985
47986
47987
47989
47991
47992
47996
47997
47999
48001
48002
48003
48004
48005
48007
48008
48009
48010
48011
48012
48015
48016
48017
48018
48019
48021
48023
48024
48025
48026
48030
48031
48033
48035
48038
48040
48044
48045
48046
48048
48049
48050
48052
48054
48055
48056
48057
48064
48065
48066
48067
48069
48071
48072
48074
48076
48080
48082
48086
48087
48088
48090
48091
48092
48093
48094
48096
48101
48102
48106
48107
48108
48109
48112
48113
48114
48117
48118
48119
48121
48122
48125
48127
48128
48131
48132
48133
48134
48136
48138
48139
48140
48142
48144
48145
48146
48147
48148
48149
48151
48152
48153
48154
48156
48157
48159
48160
48161
48162
48165
48167
48170
48172
48174
48175
48176
48177
48178
48180
48181
48182
48183
48184
48186
48188
48189
48190
48192
48195
48197
48199
48203
48204
48206
48208
48209
48210
48212
48213
48215
48216
48218
48219
48220
48221
48224
48225
48226
48227
48228
48231
48234
48235
48237
48238
48239
48240
48241
48242
48245
48248
48249
48250
48251
48253
48254
48255
48257
48258
48259
48260
48261
48262
48266
48267
48268
48269
48270
48271
48272
48274
48277
48278
48280
48283
48284
48285
48286
48288
48290
48291
48293
48295
48296
48297
48298
48299
48302
48304
48305
48306
48307
48308
48309
48310
48311
48312
48315
48317
48318
48319
48320
48323
48324
48325
48327
48328
48331
48332
48333
48334
48335
48336
48337
48338
48339
48341
48342
48343
48344
48346
48347
48349
48351
48352
48355
48356
48357
48358
48359
48361
48362
48365
48367
48370
48371
48372
48373
48374
48375
48380
48381
48382
48386
48388
48389
48390
48391
48394
48395
48396
48397
48398
48401
48403
48404
48405
48406
48407
48408
48409
48410
48413
48414
48415
48416
48417
48419
48420
48423
48424
48425
48426
48428
48429
48430
48432
48433
48434
48437
48439
48440
48441
48442
48443
48447
48452
48453
48454
48456
48461
48463
48464
48465
48466
48467
48468
48469
48471
48474
48476
48479
48480
48483
48484
48485
48486
48487
48488
48489
48491
48495
48496
48497
48500
48503
48507
48508
48511
48512
48513
48515
48517
48519
48520
48521
48523
48524
48525
48526
48527
48529
48530
48532
48534
48535
48536
48537
48540
48543
48544
48546
48548
48551
48553
48554
48555
48556
48558
48559
48563
48564
48565
48566
48568
48570
48571
48573
48574
48575
48577
48578
48579
48580
48581
48582
48583
48584
48585
48586
48588
48589
48590
48591
48592
48593
48595
48596
48597
48598
48599
48600
48601
48602
48603
48607
48608
48609
48612
48614
48616
48617
48619
48620
48621
48622
48624
48625
48627
48628
48632
48633
48635
48636
48637
48640
48642
48643
48644
48649
48650
48652
48654
48655
48659
48662
48664
48665
48666
48667
48672
48673
48674
48675
48678
48679
48680
48681
48683
48684
48685
48686
48687
48689
48690
48691
48693
48695
48696
48697
48700
48701
48702
48703
48704
48705
48706
48708
48709
48710
48711
48713
48714
48715
48716
48717
48721
48723
48727
48730
48732
48734
48736
48737
48739
48740
48742
48745
48746
48749
48751
48752
48753
48754
48759
48761
48764
48765
48766
48767
48768
48769
48770
48771
48772
48773
48774
48777
48780
48782
48783
48784
48786
48788
48791
48798
48802
48803
48805
48806
48808
48809
48810
48811
48812
48814
48815
48816
48817
48818
48819
48821
48825
48826
48827
48828
48831
48832
48833
48834
48835
48836
48837
48840
48841
48842
48843
48844
48845
48850
48852
48853
48854
48855
48856
48858
48860
48861
48862
48866
48867
48868
48870
48872
48873
48874
48875
48876
48877
48878
48880
48881
48883
48885
48888
48889
48890
48894
48895
48896
48897
48899
48900
48901
48902
48903
48904
48906
48907
48908
48909
48912
48914
48915
48917
48921
48922
48923
48924
48926
48927
48928
48929
48930
48931
48933
48934
48936
48937
48938
48939
48940
48941
48942
48943
48944
48945
48946
48947
48949
48951
48952
48953
48954
48955
48956
48957
48958
48960
48961
48962
48966
48968
48971
48972
48973
48974
48976
48977
48978
48979
48981
48982
48983
48988
48990
48991
48992
48996
48997
48998
48999
49003
49004
49005
49006
49008
49009
49011
49013
49014
49015
49016
49017
49018
49020
49021
49022
49023
49024
49025
49026
49027
49029
49032
49033
49034
49035
49036
49037
49038
49040
49041
49042
49043
49045
49046
49047
49048
49049
49050
49051
49053
49054
49056
49058
49059
49061
49062
49063
49064
49066
49067
49071
49072
49073
49074
49075
49078
49080
49081
49082
49083
49084
49085
49086
49090
49091
49094
49095
49098
49099
49101
49104
49106
49109
49111
49112
49115
49116
49117
49118
49119
49120
49121
49122
49124
49129
49131
49132
49134
49138
49140
49142
49143
49145
49146
49147
49148
49149
49150
49151
49152
49157
49159
49161
49162
49164
49165
49166
49167
49169
49170
49171
49172
49173
49174
49176
49177
49181
49183
49184
49185
49186
49187
49188
49190
49191
49192
49195
49198
49199
49200
49201
49202
49203
49204
49205
49206
49207
49208
49209
49211
49212
49213
49214
49215
49217
49218
49220
49221
49222
49223
49226
49231
49234
49235
49236
49237
49239
49240
49243
49245
49247
49249
49253
49254
49255
49257
49259
49260
49261
49262
49263
49266
49267
49268
49269
49271
49273
49274
49275
49276
49277
49283
49285
49286
49287
49288
49289
49290
49291
49292
49293
49294
49295
49296
49297
49298
49301
49304
49306
49307
49308
49309
49311
49313
49314
49315
49316
49317
49318
49319
49324
49325
49327
49329
49331
49332
49333
49334
49335
49336
49337
49338
49339
49340
49342
49343
49344
49347
49348
49352
49353
49354
49355
49356
49357
49360
49361
49362
49364
49365
49366
49367
49369
49370
49374
49375
49376
49378
49381
49383
49384
49386
49387
49388
49390
49391
49392
49394
49395
49398
49399
49400
49405
49407
49410
49411
49413
49416
49417
49419
49421
49422
49424
49425
49427
49428
49429
49430
49431
49432
49435
49436
49439
49440
49441
49442
49444
49445
49446
49448
49450
49451
49452
49453
49455
49456
49458
49459
49462
49463
49464
49466
49467
49469
49470
49471
49472
49473
49478
49482
49483
49484
49485
49486
49487
49488
49489
49490
49491
49492
49493
49494
49495
49498
49501
49504
49508
49510
49511
49512
49513
49515
49517
49519
49522
49524
49525
49526
49532
49533
49534
49535
49536
49539
49541
49542
49543
49544
49546
49547
49550
49552
49553
49556
49557
49558
49559
49560
49561
49562
49563
49564
49565
49567
49569
49570
49571
49573
49574
49579
49581
49582
49583
49584
49586
49587
49588
49591
49592
49593
49594
49596
49597
49603
49604
49605
49606
49607
49608
49609
49610
49611
49613
49614
49619
49621
49622
49624
49625
49626
49627
49628
49629
49630
49631
49633
49634
49635
49636
49638
49639
49642
49643
49645
49646
49648
49650
49652
49653
49654
49655
49657
49658
49659
49660
49661
49663
49665
49666
49667
49668
49669
49670
49671
49672
49673
49675
49676
49677
49678
49681
49682
49683
49685
49691
49693
49695
49696
49697
49699
49700
49701
49704
49706
49707
49709
49710
49711
49712
49714
49715
49716
49720
49721
49723
49724
49725
49728
49730
49731
49732
49733
49734
49735
49737
49738
49739
49740
49741
49744
49746
49747
49748
49751
49753
49754
49755
49758
49760
49761
49763
49766
49767
49768
49771
49773
49775
49778
49779
49781
49783
49785
49787
49788
49789
49790
49792
49793
49794
49795
49797
49799
49800
49801
49802
49803
49804
49805
49809
49810
49812
49813
49815
49816
49817
49818
49819
49823
49824
49825
49826
49829
49831
49833
49834
49837
49839
49840
49842
49843
49844
49845
49846
49847
49848
49849
49852
49853
49854
49855
49857
49859
49860
49861
49863
49864
49865
49867
49870
49871
49874
49876
49877
49880
49881
49882
49884
49885
49888
49889
49890
49891
49893
49894
49895
49896
49897
49898
49900
49903
49904
49908
49909
49911
49912
49914
49915
49916
49918
49919
49920
49921
49922
49924
49925
49926
49927
49928
49931
49932
49933
49934
49935
49936
49937
49938
49939
49940
49941
49942
49944
49945
49946
49947
49949
49951
49953
49958
49961
49962
49963
49964
49967
49968
49970
49971
49973
49975
49976
49977
49978
49979
49980
49981
49982
49985
49986
49987
49988
49989
49992
49993
49994
49998
49999
50001
50002
50004
50005
50006
50007
50009
50010
50011
50012
50013
50015
50016
50019
50020
50021
50022
50025
50027
50028
50029
50031
50033
50034
50035
50036
50037
50039
50042
50043
50044
50045
50046
50047
50049
50051
50053
50054
50056
50057
50058
50059
50060
50061
50062
50063
50065
50067
50068
50072
50073
50078
50079
50081
50082
50084
50085
50087
50088
50089
50090
50091
50093
50094
50095
50096
50098
50099
50104
50105
50106
50107
50108
50109
50111
50112
50113
50115
50117
50118
50120
50121
50122
50123
50126
50129
50131
50133
50139
50140
50141
50142
50144
50145
50146
50147
50149
50150
50153
50154
50155
50156
50157
50159
50160
50162
50163
50165
50167
50170
50172
50175
50177
50178
50181
50182
50183
50187
50188
50189
50190
50192
50196
50198
50199
50200
50201
50203
50205
50206
50207
50210
50211
50212
50213
50214
50215
50216
50218
50220
50221
50222
50223
50226
50227
50228
50229
50230
50231
50232
50235
50236
50237
50238
50239
50240
50241
50242
50243
50245
50247
50248
50249
50252
50253
50254
50255
50257
50260
50261
50262
50263
50265
50267
50268
50269
50271
50272
50274
50275
50276
50278
50282
50283
50285
50286
50287
50288
50292
50293
50294
50295
50301
50302
50303
50304
50305
50306
50307
50308
50309
50310
50311
50314
50315
50316
50318
50320
50322
50324
50325
50327
50328
50329
50331
50332
50335
50336
50339
50341
50343
50344
50345
50346
50347
50348
50351
50352
50353
50354
50356
50357
50359
50360
50361
50366
50367
50370
50371
50372
50373
50374
50378
50380
50382
50384
50387
50388
50390
50392
50393
50394
50396
50397
50398
50399
50406
50409
50411
50412
50414
50415
50417
50418
50419
50420
50421
50422
50424
50425
50426
50428
50429
50433
50436
50437
50441
50442
50448
50449
50452
50454
50457
50458
50459
50461
50462
50463
50464
50465
50466
50467
50468
50471
50472
50473
50475
50476
50480
50483
50484
50486
50488
50489
50490
50491
50492
50493
50495
50497
50498
50501
50502
50503
50504
50506
50508
50509
50511
50512
50513
50514
50517
50520
50522
50523
50525
50526
50527
50528
50533
50534
50535
50536
50540
50542
50544
50545
50548
50551
50555
50557
50560
50561
50563
50564
50565
50566
50567
50570
50571
50573
50574
50577
50578
50582
50583
50584
50585
50586
50587
50588
50589
50590
50591
50592
50595
50596
50597
50598
50599
50600
50606
50607
50608
50609
50611
50612
50615
50616
50618
50619
50621
50625
50628
50631
50633
50634
50636
50637
50638
50639
50640
50642
50643
50646
50652
50654
50655
50657
50658
50659
50660
50661
50662
50665
50667
50669
50670
50672
50674
50676
50677
50679
50680
50681
50682
50683
50684
50685
50686
50687
50688
50690
50692
50693
50695
50696
50698
50699
50700
50702
50703
50704
50706
50709
50710
50713
50714
50719
50720
50722
50723
50727
50728
50730
50733
50734
50736
50737
50738
50740
50741
50742
50743
50744
50745
50748
50749
50750
50752
50753
50754
50755
50756
50757
50759
50761
50762
50763
50764
50765
50766
50767
50768
50770
50771
50773
50775
50778
50779
50780
50781
50782
50783
50788
50789
50790
50791
50793
50795
50796
50797
50798
50799
50802
50803
50805
50807
50808
50809
50812
50813
50815
50816
50817
50818
50822
50825
50826
50829
50831
50833
50834
50835
50836
50837
50838
50841
50843
50844
50846
50847
50848
50850
50852
50853
50857
50858
50859
50860
50861
50862
50864
50865
50866
50869
50872
50873
50874
50875
50878
50880
50882
50886
50887
50888
50889
50891
50895
50896
50898
50900
50903
50904
50906
50907
50910
50915
50917
50920
50921
50922
50924
50925
50926
50929
50931
50934
50935
50939
50940
50942
50943
50945
50946
50951
50952
50953
50954
50957
50959
50960
50963
50964
50965
50966
50967
50968
50969
50970
50971
50972
50977
50978
50980
50981
50983
50985
50986
50987
50989
50990
50991
50996
50998
50999
51000
51002
51005
51006
51007
51008
51009
51011
51012
51013
51015
51016
51018
51019
51020
51021
51022
51023
51024
51025
51026
51028
51029
51031
51032
51034
51035
51036
51037
51038
51039
51042
51043
51044
51045
51046
51047
51049
51050
51053
51055
51056
51059
51060
51063
51064
51065
51067
51068
51069
51071
51072
51073
51074
51075
51076
51077
51079
51080
51082
51083
51087
51088
51089
51090
51094
51096
51097
51099
51100
51102
51104
51105
51106
51107
51108
51109
51111
51112
51113
51114
51115
51116
51120
51121
51122
51123
51131
51132
51133
51134
51135
51136
51137
51138
51140
51141
51143
51144
51145
51147
51148
51151
51152
51153
51154
51157
51159
51160
51163
51164
51165
51167
51168
51169
51170
51172
51173
51176
51178
51180
51181
51183
51184
51185
51186
51189
51191
51193
51194
51195
51196
51199
51200
51202
51204
51205
51207
51208
51209
51212
51214
51215
51216
51217
51218
51221
51222
51223
51224
51225
51226
51227
51228
51231
51232
51234
51235
51236
51238
51239
51241
51242
51244
51246
51247
51249
51254
51256
51258
51259
51260
51262
51263
51267
51268
51270
51271
51272
51274
51275
51276
51278
51280
51281
51282
51283
51284
51286
51287
51289
51290
51291
51292
51293
51294
51295
51297
51298
51299
51300
51302
51304
51305
51307
51310
51311
51313
51314
51315
51316
51318
51319
51320
51321
51322
51323
51325
51326
51328
51329
51330
51331
51332
51334
51335
51336
51337
51338
51340
51341
51343
51346
51347
51349
51350
51351
51352
51353
51356
51357
51360
51363
51364
51365
51366
51367
51368
51370
51371
51372
51373
51376
51377
51379
51380
51381
51383
51384
51385
51386
51388
51392
51394
51395
51397
51401
51404
51406
51408
51409
51412
51413
51415
51416
51417
51418
51419
51420
51421
51422
51424
51425
51426
51427
51428
51430
51433
51434
51438
51439
51443
51444
51445
51446
51449
51451
51455
51456
51457
51458
51459
51460
51461
51462
51463
51464
51465
51467
51468
51470
51473
51477
51478
51480
51485
51488
51489
51490
51492
51493
51494
51495
51498
51499
51500
51504
51506
51507
51508
51511
51512
51514
51515
51516
51518
51519
51520
51521
51522
51523
51524
51525
51527
51529
51530
51533
51535
51536
51537
51538
51539
51540
51542
51543
51544
51545
51546
51550
51552
51554
51555
51556
51557
51558
51560
51562
51563
51564
51565
51566
51567
51570
51571
51572
51573
51574
51576
51577
51581
51582
51583
51586
51588
51589
51592
51594
51595
51596
51597
51600
51604
51606
51609
51611
51612
51614
51615
51616
51618
51619
51620
51621
51622
51623
51624
51628
51630
51631
51634
51635
51636
51639
51641
51642
51643
51645
51647
51652
51653
51655
51656
51657
51658
51659
51660
51663
51666
51669
51670
51671
51672
51673
51674
51675
51676
51677
51678
51681
51682
51685
51686
51690
51691
51692
51693
51694
51695
51697
51698
51702
51703
51704
51705
51707
51708
51709
51710
51712
51713
51714
51718
51722
51723
51725
51726
51727
51728
51732
51733
51734
51740
51741
51744
51746
51748
51749
51754
51756
51757
51758
51761
51762
51763
51765
51769
51770
51771
51772
51773
51774
51775
51776
51777
51778
51781
51783
51787
51788
51790
51793
51794
51796
51798
51799
51800
51801
51803
51806
51808
51810
51811
51812
51813
51814
51816
51817
51818
51819
51820
51821
51823
51824
51827
51829
51830
51831
51833
51834
51835
51836
51838
51839
51840
51841
51842
51843
51844
51846
51847
51848
51850
51851
51852
51853
51854
51856
51857
51858
51860
51861
51862
51868
51869
51870
51872
51873
51877
51879
51880
51883
51885
51889
51891
51893
51894
51897
51899
51901
51902
51904
51905
51906
51907
51909
51910
51911
51912
51913
51915
51916
51919
51921
51922
51923
51924
51925
51926
51929
51931
51932
51935
51936
51937
51938
51939
51940
51942
51943
51944
51945
51946
51950
51951
51953
51954
51955
51957
51958
51959
51960
51961
51962
51966
51968
51969
51971
51972
51973
51978
51979
51980
51981
51982
51983
51984
51985
51986
51988
51990
51992
51995
51996
51997
52000
52001
52004
52005
52009
52010
52012
52013
52014
52015
52017
52018
52023
52027
52029
52030
52033
52034
52036
52037
52041
52042
52043
52044
52047
52048
52049
52050
52051
52054
52056
52059
52061
52062
52064
52065
52066
52068
52069
52070
52073
52075
52078
52079
52081
52082
52083
52084
52085
52086
52089
52091
52093
52094
52095
52097
52098
52100
52101
52102
52103
52106
52107
52108
52109
52110
52112
52116
52118
52119
52120
52121
52122
52125
52126
52127
52128
52130
52131
52132
52133
52136
52137
52138
52141
52143
52144
52145
52146
52147
52149
52150
52151
52152
52153
52154
52155
52156
52157
52159
52160
52162
52165
52166
52171
52172
52173
52175
52177
52178
52179
52180
52181
52182
52185
52186
52187
52188
52189
52190
52191
52193
52196
52199
52200
52201
52202
52204
52206
52207
52208
52209
52210
52214
52215
52217
52219
52220
52221
52222
52226
52228
52229
52230
52232
52234
52235
52237
52240
52241
52242
52243
52244
52245
52250
52251
52252
52253
52256
52257
52258
52261
52262
52263
52264
52266
52267
52268
52271
52273
52274
52276
52278
52279
52281
52283
52286
52290
52291
52293
52294
52295
52296
52299
52301
52302
52303
52304
52306
52307
52308
52311
52315
52318
52319
52324
52325
52326
52327
52328
52330
52333
52334
52335
52338
52339
52341
52344
52345
52346
52349
52351
52352
52354
52355
52356
52357
52358
52359
52360
52361
52362
52366
52369
52370
52371
52373
52376
52378
52380
52383
52384
52385
52386
52387
52389
52390
52391
52392
52395
52399
52401
52402
52403
52404
52405
52408
52409
52411
52412
52415
52417
52418
52423
52426
52432
52434
52435
52436
52437
52440
52441
52442
52443
52444
52445
52446
52447
52448
52449
52450
52451
52452
52454
52455
52459
52460
52461
52462
52463
52464
52465
52468
52472
52476
52477
52478
52479
52481
52482
52483
52485
52486
52487
52488
52489
52494
52496
52497
52498
52500
52501
52502
52503
52504
52505
52506
52509
52510
52514
52516
52517
52518
52521
52523
52524
52526
52527
52529
52530
52531
52532
52533
52535
52536
52537
52538
52539
52540
52541
52542
52546
52547
52549
52552
52555
52558
52559
52560
52561
52564
52566
52568
52569
52571
52572
52573
52574
52575
52576
52577
52578
52579
52581
52582
52583
52584
52589
52590
52592
52594
52596
52597
52599
52600
52603
52605
52606
52608
52609
52611
52612
52615
52617
52618
52620
52621
52625
52626
52627
52628
52629
52634
52635
52639
52640
52647
52649
52650
52651
52652
52653
52654
52655
52656
52658
52659
52660
52661
52663
52664
52665
52666
52667
52675
52676
52677
52680
52681
52682
52683
52684
52685
52686
52690
52691
52694
52695
52697
52698
52701
52703
52704
52705
52706
52707
52708
52709
52711
52712
52713
52715
52716
52717
52718
52719
52721
52722
52727
52728
52731
52732
52734
52735
52737
52738
52739
52740
52741
52742
52745
52746
52747
52748
52749
52750
52752
52753
52754
52755
52757
52758
52759
52762
52763
52764
52765
52768
52769
52773
52774
52775
52776
52778
52780
52781
52782
52785
52786
52787
52790
52792
52794
52796
52797
52799
52800
52801
52804
52808
52811
52812
52815
52817
52818
52819
52820
52821
52823
52824
52825
52826
52827
52828
52829
52830
52832
52833
52835
52836
52837
52838
52841
52842
52843
52845
52847
52848
52851
52853
52854
52855
52856
52858
52860
52861
52862
52864
52867
52868
52869
52870
52871
52873
52874
52876
52878
52879
52881
52882
52883
52886
52889
52890
52891
52895
52896
52899
52902
52904
52906
52910
52912
52913
52915
52916
52918
52919
52920
52921
52923
52924
52925
52926
52927
52928
52929
52930
52931
52932
52934
52935
52936
52937
52939
52940
52942
52944
52946
52948
52949
52950
52954
52957
52958
52960
52962
52963
52966
52968
52970
52971
52976
52977
52978
52979
52980
52981
52982
52983
52985
52986
52988
52989
52992
52994
52995
52996
52997
52998
52999
53000
53002
53004
53007
53008
53009
53010
53012
53013
53015
53016
53018
53019
53020
53021
53022
53025
53028
53029
53030
53032
53033
53034
53035
53036
53038
53039
53040
53041
53043
53044
53045
53046
53048
53049
53050
53052
53054
53055
53057
53058
53059
53061
53062
53063
53064
53066
53068
53070
53072
53073
53076
53077
53080
53082
53083
53084
53085
53086
53088
53089
53091
53092
53094
53095
53096
53097
53098
53099
53101
53102
53103
53105
53107
53109
53110
53112
53114
53115
53116
53117
53120
53121
53122
53125
53126
53127
53128
53130
53131
53132
53135
53136
53138
53139
53141
53143
53144
53145
53146
53147
53152
53153
53154
53155
53156
53157
53160
53161
53163
53165
53171
53172
53173
53174
53175
53177
53178
53179
53180
53181
53182
53185
53188
53189
53191
53192
53195
53196
53197
53199
53204
53205
53206
53209
53210
53213
53217
53219
53220
53221
53222
53223
53224
53225
53226
53227
53228
53230
53231
53232
53233
53234
53237
53239
53241
53245
53246
53247
53249
53251
53252
53253
53254
53256
53258
53259
53260
53263
53265
53266
53267
53268
53269
53273
53274
53275
53276
53277
53278
53280
53282
53284
53285
53287
53289
53290
53291
53293
53294
53296
53297
53298
53300
53301
53302
53303
53305
53306
53310
53312
53313
53314
53315
53317
53318
53319
53322
53323
53324
53325
53326
53327
53329
53330
53331
53332
53338
53339
53340
53341
53342
53343
53344
53345
53349
53350
53351
53353
53354
53355
53356
53358
53361
53362
53363
53364
53367
53368
53370
53374
53375
53376
53377
53380
53381
53382
53383
53384
53385
53386
53387
53388
53394
53395
53397
53400
53402
53403
53406
53407
53408
53411
53413
53414
53415
53417
53420
53421
53425
53426
53427
53428
53431
53432
53433
53434
53436
53437
53438
53439
53440
53441
53442
53443
53446
53447
53448
53450
53454
53456
53457
53458
53460
53461
53462
53463
53465
53467
53468
53469
53470
53472
53473
53475
53476
53477
53478
53480
53482
53483
53484
53486
53490
53492
53493
53497
53498
53501
53502
53503
53504
53506
53507
53508
53509
53510
53511
53513
53515
53517
53518
53520
53521
53522
53523
53524
53525
53526
53527
53528
53530
53531
53533
53536
53538
53540
53542
53543
53545
53547
53550
53551
53553
53554
53555
53556
53557
53562
53564
53566
53567
53568
53571
53576
53579
53583
53586
53588
53589
53590
53591
53592
53594
53595
53596
53597
53598
53599
53601
53602
53604
53606
53608
53609
53610
53612
53613
53615
53619
53620
53623
53624
53626
53627
53630
53631
53634
53635
53636
53638
53639
53641
53642
53643
53644
53646
53647
53648
53650
53652
53660
53661
53662
53663
53666
53667
53670
53671
53672
53673
53675
53676
53678
53680
53681
53682
53684
53686
53687
53689
53693
53694
53695
53697
53701
53702
53703
53705
53706
53707
53708
53709
53710
53711
53712
53713
53714
53715
53716
53719
53720
53721
53722
53725
53726
53727
53729
53730
53732
53733
53734
53735
53736
53739
53742
53743
53745
53746
53747
53748
53749
53752
53755
53757
53759
53763
53764
53765
53766
53767
53768
53769
53770
53772
53773
53775
53776
53777
53780
53781
53782
53783
53786
53787
53788
53789
53790
53792
53793
53794
53795
53796
53798
53799
53800
53801
53802
53804
53806
53811
53812
53814
53815
53817
53819
53821
53824
53825
53826
53827
53828
53829
53830
53831
53832
53833
53835
53838
53839
53841
53843
53844
53846
53847
53848
53851
53852
53856
53858
53861
53862
53863
53866
53867
53868
53869
53872
53874
53876
53877
53878
53879
53880
53882
53883
53886
53888
53890
53891
53892
53893
53895
53896
53897
53898
53901
53903
53904
53905
53907
53909
53910
53913
53915
53916
53917
53919
53920
53921
53923
53927
53928
53929
53930
53932
53933
53934
53935
53937
53938
53941
53942
53944
53946
53947
53948
53949
53950
53953
53954
53955
53956
53957
53958
53961
53964
53965
53966
53967
53968
53969
53970
53972
53973
53974
53975
53976
53977
53978
53979
53981
53983
53985
53988
53989
53990
53991
53993
53994
53995
53997
53998
54001
54003
54004
54005
54007
54008
54009
54010
54012
54013
54014
54015
54016
54018
54020
54021
54022
54024
54025
54026
54029
54031
54032
54033
54034
54035
54036
54038
54039
54042
54043
54044
54046
54047
54050
54052
54053
54055
54057
54059
54060
54061
54062
54063
54064
54065
54066
54068
54073
54074
54076
54077
54078
54080
54081
54082
54083
54085
54086
54087
54088
54090
54092
54093
54096
54097
54099
54101
54103
54104
54105
54106
54107
54108
54109
54113
54114
54115
54117
54118
54120
54122
54125
54126
54128
54129
54130
54131
54133
54134
54136
54138
54139
54140
54141
54142
54143
54144
54146
54147
54150
54151
54152
54153
54154
54156
54158
54159
54160
54161
54162
54164
54165
54167
54168
54169
54170
54171
54172
54173
54175
54177
54179
54181
54183
54185
54186
54187
54188
54189
54191
54193
54194
54195
54198
54199
54201
54203
54207
54208
54209
54210
54211
54213
54214
54216
54218
54219
54220
54221
54223
54224
54225
54229
54230
54232
54234
54236
54238
54239
54240
54242
54243
54244
54246
54247
54248
54249
54252
54254
54257
54258
54259
54263
54264
54265
54266
54268
54269
54270
54271
54273
54275
54276
54278
54280
54281
54282
54284
54285
54286
54289
54291
54292
54293
54294
54296
54297
54298
54299
54300
54302
54303
54304
54305
54306
54307
54308
54310
54311
54313
54314
54315
54317
54318
54319
54320
54321
54322
54323
54326
54327
54329
54331
54332
54334
54335
54336
54340
54341
54342
54343
54344
54345
54349
54350
54352
54353
54354
54355
54356
54358
54359
54360
54362
54363
54368
54371
54373
54375
54378
54379
54380
54381
54385
54386
54388
54389
54391
54392
54394
54395
54396
54397
54398
54399
54400
54402
54404
54405
54406
54407
54408
54409
54410
54412
54413
54414
54416
54417
54418
54419
54421
54423
54424
54425
54426
54427
54428
54433
54434
54437
54441
54442
54444
54446
54447
54448
54449
54450
54452
54456
54457
54458
54461
54462
54463
54464
54468
54469
54470
54473
54474
54476
54478
54479
54480
54482
54483
54484
54485
54490
54491
54492
54493
54494
54496
54497
54498
54499
54501
54502
54503
54504
54508
54509
54510
54511
54514
54515
54518
54519
54524
54525
54527
54528
54531
54533
54534
54536
54538
54539
54540
54541
54543
54545
54546
54547
54550
54551
54553
54554
54555
54559
54560
54561
54563
54564
54565
54567
54572
54573
54574
54575
54576
54577
54578
54579
54580
54582
54584
54585
54586
54587
54588
54589
54590
54592
54593
54595
54596
54597
54598
54601
54604
54605
54606
54607
54609
54611
54613
54614
54615
54617
54619
54620
54622
54623
54624
54625
54626
54627
54632
54633
54634
54635
54636
54637
54639
54640
54641
54642
54643
54644
54646
54648
54650
54652
54654
54655
54656
54658
54659
54660
54661
54662
54666
54668
54670
54671
54672
54675
54676
54677
54679
54680
54681
54682
54684
54686
54687
54692
54696
54699
54700
54701
54702
54703
54705
54706
54709
54710
54711
54713
54714
54715
54717
54718
54719
54720
54721
54722
54723
54724
54725
54726
54727
54728
54730
54731
54732
54734
54735
54737
54738
54739
54742
54743
54744
54745
54747
54749
54750
54751
54757
54758
54759
54760
54762
54763
54764
54766
54767
54768
54770
54771
54773
54776
54777
54781
54782
54783
54784
54785
54787
54789
54790
54791
54792
54794
54795
54798
54799
54800
54802
54805
54806
54807
54808
54809
54810
54811
54819
54820
54822
54824
54825
54826
54827
54829
54830
54832
54833
54835
54837
54838
54839
54840
54841
54844
54846
54847
54851
54853
54854
54857
54859
54860
54862
54866
54869
54870
54871
54872
54873
54875
54877
54878
54880
54881
54884
54886
54887
54888
54889
54890
54892
54893
54895
54896
54898
54899
54900
54901
54903
54904
54905
54906
54907
54909
54910
54911
54912
54913
54914
54916
54919
54920
54921
54923
54924
54925
54926
54927
54929
54931
54932
54933
54937
54939
54941
54942
54944
54948
54949
54950
54951
54952
54953
54954
54955
54957
54959
54960
54961
54962
54964
54965
54968
54970
54973
54974
54975
54976
54977
54979
54980
54987
54991
54993
54994
54995
54996
54998
55000
55002
55005
55006
55009
55010
55012
55019
55021
55026
55028
55034
55035
55036
55038
55039
55040
55041
55043
55045
55047
55050
55051
55053
55054
55055
55059
55060
55061
55062
55064
55066
55067
55068
55069
55071
55072
55074
55075
55077
55078
55079
55080
55083
55086
55088
55089
55090
55095
55098
55100
55101
55102
55103
55104
55105
55106
55108
55109
55110
55111
55112
55113
55114
55116
55117
55118
55119
55122
55123
55124
55126
55127
55128
55129
55130
55134
55135
55136
55137
55138
55139
55142
55143
55144
55145
55146
55149
55151
55153
55155
55156
55157
55159
55162
55164
55165
55167
55170
55172
55173
55174
55175
55176
55178
55179
55180
55184
55185
55186
55187
55189
55190
55191
55195
55196
55197
55198
55201
55202
55204
55206
55207
55208
55209
55210
55211
55212
55213
55215
55216
55217
55218
55220
55221
55225
55228
55229
55232
55233
55234
55236
55239
55240
55241
55243
55245
55246
55249
55250
55251
55252
55253
55255
55256
55257
55258
55259
55260
55261
55262
55267
55268
55270
55271
55277
55278
55282
55285
55286
55288
55290
55297
55298
55299
55305
55306
55307
55308
55309
55310
55311
55313
55314
55316
55319
55320
55321
55326
55328
55329
55330
55331
55332
55333
55334
55336
55339
55340
55341
55342
55343
55344
55346
55347
55348
55349
55350
55351
55354
55357
55358
55359
55361
55362
55363
55364
55365
55367
55369
55370
55371
55372
55373
55374
55376
55378
55380
55381
55384
55385
55389
55392
55393
55394
55395
55396
55398
55400
55401
55402
55403
55406
55407
55408
55409
55410
55411
55413
55416
55417
55418
55420
55422
55425
55426
55427
55428
55429
55430
55431
55432
55433
55434
55435
55436
55438
55439
55442
55443
55444
55445
55447
55448
55450
55453
55454
55455
55456
55457
55458
55459
55460
55461
55462
55464
55465
55467
55468
55469
55470
55472
55473
55474
55475
55476
55478
55479
55480
55481
55482
55483
55486
55487
55488
55491
55492
55497
55499
55500
55501
55503
55504
55505
55507
55508
55510
55511
55512
55513
55515
55518
55520
55521
55524
55525
55526
55527
55528
55529
55530
55531
55532
55533
55534
55535
55538
55539
55540
55541
55542
55543
55545
55547
55549
55552
55553
55557
55559
55560
55562
55566
55567
55568
55570
55571
55575
55576
55579
55580
55583
55586
55588
55589
55591
55592
55593
55597
55600
55601
55602
55603
55604
55606
55607
55608
55609
55613
55614
55615
55617
55618
55621
55622
55625
55626
55628
55629
55630
55633
55634
55635
55636
55637
55638
55640
55642
55643
55644
55645
55648
55649
55650
55653
55654
55655
55656
55657
55660
55663
55664
55665
55666
55671
55672
55675
55676
55677
55678
55679
55680
55681
55682
55685
55687
55688
55689
55691
55692
55694
55695
55698
55700
55702
55703
55705
55706
55707
55708
55710
55711
55712
55713
55715
55716
55718
55720
55724
55726
55727
55729
55732
55733
55735
55739
55743
55747
55748
55749
55750
55752
55755
55756
55757
55758
55761
55762
55763
55764
55766
55767
55768
55769
55772
55774
55775
55776
55778
55781
55782
55783
55785
55787
55791
55793
55794
55796
55797
55798
55800
55802
55805
55806
55808
55809
55811
55812
55813
55814
55815
55816
55818
55820
55822
