55823
55825
55826
55827
55828
55829
55830
55831
55834
55836
55838
55839
55840
55842
55845
55847
55848
55850
55853
55854
55855
55856
55858
55859
55861
55863
55864
55866
55867
55870
55871
55872
55873
55874
55875
55876
55877
55878
55879
55880
55881
55882
55883
55885
55887
55888
55889
55890
55891
55894
55895
55896
55897
55899
55902
55903
55904
55905
55906
55907
55909
55910
55912
55913
55916
55917
55918
55919
55920
55921
55922
55923
55924
55926
55927
55931
55933
55934
55935
55936
55937
55938
55940
55944
55946
55948
55949
55950
55951
55953
55954
55955
55956
55957
55959
55960
55961
55962
55965
55966
55969
55970
55972
55973
55975
55976
55977
55979
55980
55981
55982
55983
55986
55988
55989
55990
55991
55993
55994
55995
55996
55997
55998
55999
56001
56003
56005
56006
56008
56009
56010
56013
56014
56017
56018
56021
56023
56024
56025
56026
56030
56031
56032
56034
56037
56039
56040
56041
56042
56047
56048
56049
56050
56051
56052
56053
56054
56056
56057
56059
56061
56062
56063
56065
56066
56068
56070
56072
56074
56075
56076
56077
56078
56079
56080
56081
56082
56086
56088
56089
56090
56091
56092
56094
56095
56096
56097
56098
56099
56100
56103
56104
56105
56108
56109
56111
56114
56117
56118
56119
56121
56122
56123
56127
56128
56129
56131
56133
56135
56136
56138
56139
56140
56141
56143
56145
56146
56148
56153
56154
56155
56156
56158
56160
56162
56163
56164
56165
56166
56167
56168
56169
56171
56173
56174
56176
56179
56180
56182
56183
56185
56188
56189
56190
56191
56192
56194
56197
56199
56200
56201
56202
56203
56206
56208
56209
56211
56212
56215
56216
56218
56219
56221
56225
56226
56227
56228
56229
56230
56232
56234
56239
56240
56241
56242
56243
56244
56245
56246
56247
56252
56253
56254
56257
56260
56261
56263
56265
56266
56268
56269
56270
56273
56275
56276
56277
56278
56279
56281
56282
56284
56288
56290
56292
56294
56295
56296
56297
56299
56300
56301
56304
56305
56309
56310
56311
56312
56313
56315
56316
56322
56323
56326
56327
56328
56330
56333
56334
56335
56337
56338
56339
56341
56343
56345
56349
56350
56352
56353
56357
56359
56361
56363
56364
56365
56366
56367
56368
56369
56370
56376
56377
56378
56379
56383
56386
56387
56388
56389
56390
56391
56393
56395
56397
56398
56399
56401
56402
56405
56408
56409
56412
56414
56415
56416
56417
56418
56420
56422
56423
56425
56426
56429
56431
56433
56435
56436
56437
56438
56440
56442
56443
56444
56445
56447
56448
56451
56452
56455
56457
56459
56460
56462
56463
56464
56466
56467
56474
56476
56477
56481
56484
56488
56489
56490
56491
56492
56493
56494
56497
56499
56501
56502
56505
56506
56507
56508
56509
56510
56511
56512
56514
56515
56516
56519
56520
56521
56522
56524
56525
56528
56531
56532
56533
56534
56535
56536
56538
56539
56541
56542
56543
56544
56545
56546
56547
56548
56549
56550
56553
56555
56557
56559
56560
56561
56562
56563
56564
56565
56566
56570
56575
56577
56578
56580
56581
56582
56583
56584
56585
56587
56588
56589
56591
56593
56594
56595
56597
56599
56600
56602
56604
56606
56607
56610
56612
56613
56618
56620
56621
56623
56624
56625
56626
56628
56629
56630
56631
56632
56634
56635
56636
56639
56643
56645
56647
56648
56649
56650
56651
56652
56653
56654
56656
56657
56660
56661
56662
56664
56666
56667
56668
56669
56670
56671
56673
56674
56675
56676
56678
56679
56680
56681
56682
56684
56686
56687
56688
56689
56691
56692
56695
56697
56699
56704
56708
56709
56710
56711
56712
56713
56714
56715
56717
56718
56719
56720
56721
56722
56723
56724
56726
56727
56729
56730
56732
56733
56736
56737
56741
56742
56744
56745
56746
56750
56752
56754
56755
56756
56758
56759
56760
56761
56762
56764
56765
56767
56768
56769
56770
56771
56772
56773
56774
56776
56777
56778
56779
56781
56782
56783
56787
56790
56791
56792
56793
56794
56795
56796
56799
56800
56801
56802
56803
56804
56805
56806
56807
56808
56809
56812
56814
56817
56818
56820
56821
56823
56826
56827
56829
56831
56833
56834
56835
56836
56841
56844
56846
56847
56850
56852
56853
56854
56855
56857
56860
56864
56865
56866
56867
56869
56870
56871
56873
56874
56876
56877
56879
56881
56882
56884
56885
56886
56887
56888
56889
56892
56896
56898
56899
56900
56902
56903
56904
56905
56906
56908
56909
56910
56912
56914
56915
56916
56917
56919
56920
56921
56922
56923
56926
56931
56932
56933
56934
56937
56939
56943
56944
56945
56946
56947
56948
56950
56953
56955
56956
56957
56958
56959
56960
56961
56962
56963
56964
56969
56973
56974
56975
56976
56977
56978
56980
56982
56984
56987
56988
56989
56990
56992
56993
56995
56996
56997
56998
57001
57002
57004
57005
57006
57007
57008
57009
57010
57011
57016
57017
57018
57020
57021
57022
57027
57028
57031
57032
57034
57036
57039
57040
57041
57042
57043
57045
57046
57047
57048
57049
57051
57052
57053
57054
57055
57058
57059
57063
57064
57067
57068
57069
57070
57072
57073
57074
57075
57076
57077
57078
57079
57080
57083
57084
57087
57088
57093
57094
57095
57096
57100
57101
57102
57103
57104
57107
57109
57113
57115
57116
57117
57119
57120
57121
57124
57125
57126
57127
57128
57131
57132
57133
57134
57135
57136
57137
57139
57142
57144
57146
57147
57148
57151
57152
57154
57156
57157
57158
57159
57160
57163
57165
57166
57167
57168
57170
57171
57173
57174
57175
57176
57177
57178
57180
57181
57182
57183
57184
57187
57188
57189
57190
57191
57192
57193
57194
57195
57196
57199
57201
57202
57203
57204
57206
57207
57209
57212
57213
57215
57216
57218
57220
57221
57224
57227
57228
57229
57231
57233
57236
57238
57240
57241
57243
57244
57247
57248
57251
57253
57254
57256
57257
57258
57259
57260
57261
57262
57263
57264
57265
57266
57268
57269
57271
57272
57273
57274
57278
57279
57280
57281
57282
57285
57286
57289
57290
57291
57293
57294
57297
57301
57302
57305
57306
57307
57308
57309
57311
57312
57313
57315
57317
57318
57319
57321
57324
57327
57328
57331
57332
57333
57334
57335
57336
57339
57340
57341
57342
57345
57348
57349
57352
57354
57357
57359
57362
57363
57364
57365
57366
57367
57368
57369
57370
57371
57373
57374
57375
57376
57378
57383
57384
57385
57388
57389
57390
57391
57393
57394
57395
57397
57398
57400
57401
57402
57403
57404
57405
57406
57407
57408
57410
57412
57413
57416
57418
57420
57424
57426
57427
57429
57430
57432
57434
57436
57437
57440
57441
57442
57444
57445
57446
57447
57448
57449
57451
57452
57453
57454
57456
57457
57459
57460
57461
57463
57465
57466
57469
57470
57471
57473
57474
57475
57480
57481
57484
57485
57486
57487
57489
57490
57491
57492
57493
57494
57495
57496
57497
57498
57500
57501
57507
57509
57510
57511
57512
57513
57514
57515
57518
57519
57524
57525
57527
57528
57529
57530
57535
57536
57539
57541
57542
57543
57550
57552
57555
57557
57558
57559
57562
57565
57566
57567
57570
57571
57573
57576
57577
57578
57580
57582
57585
57588
57589
57591
57593
57596
57599
57601
57602
57603
57604
57605
57606
57609
57610
57611
57615
57616
57617
57618
57619
57620
57621
57622
57623
57625
57626
57628
57629
57631
57632
57633
57634
57635
57636
57638
57639
57640
57641
57645
57648
57649
57651
57652
57653
57654
57655
57656
57657
57658
57660
57662
57665
57670
57671
57672
57673
57674
57678
57679
57681
57683
57684
57685
57686
57687
57688
57689
57690
57695
57696
57697
57701
57702
57703
57704
57706
57707
57708
57709
57711
57712
57713
57714
57715
57716
57717
57718
57719
57720
57725
57728
57729
57731
57733
57736
57737
57740
57742
57743
57744
57747
57749
57751
57752
57753
57754
57755
57759
57762
57763
57765
57766
57767
57769
57770
57771
57772
57773
57775
57776
57777
57778
57781
57784
57785
57786
57789
57790
57791
57792
57796
57797
57799
57800
57801
57802
57804
57805
57806
57807
57808
57809
57815
57816
57817
57818
57819
57822
57823
57826
57830
57832
57834
57835
57837
57838
57840
57842
57843
57844
57845
57847
57849
57852
57856
57857
57858
57859
57860
57861
57862
57865
57867
57869
57870
57871
57872
57873
57874
57877
57878
57879
57881
57882
57883
57884
57886
57887
57888
57889
57890
57892
57894
57895
57897
57901
57902
57905
57908
57909
57910
57912
57913
57917
57918
57919
57920
57921
57922
57923
57924
57925
57927
57928
57929
57930
57931
57933
57934
57935
57938
57940
57941
57942
57945
57946
57948
57954
57957
57959
57960
57961
57962
57963
57964
57965
57970
57972
57973
57975
57980
57981
57983
57984
57985
57988
57990
57992
57994
57995
57996
57997
57998
57999
58002
58003
58005
58006
58007
58009
58010
58011
58013
58015
58017
58018
58019
58020
58021
58022
58023
58024
58025
58026
58028
58030
58031
58033
58034
58039
58040
58041
58042
58043
58044
58045
58046
58047
58048
58052
58053
58054
58056
58058
58061
58062
58063
58066
58067
58068
58069
58070
58071
58073
58074
58075
58077
58079
58081
58082
58083
58084
58085
58086
58087
58088
58090
58091
58092
58093
58094
58095
58096
58097
58098
58101
58102
58103
58104
58105
58106
58107
58108
58109
58110
58112
58113
58114
58117
58118
58119
58120
58121
58122
58123
58125
58126
58127
58128
58129
58130
58131
58132
58133
58134
58135
58137
58138
58139
58140
58141
58142
58143
58146
58147
58151
58152
58153
58154
58155
58156
58157
58158
58159
58162
58163
58164
58165
58166
58167
58168
58170
58172
58174
58175
58180
58181
58182
58183
58184
58185
58188
58190
58191
58192
58195
58198
58199
58202
58205
58206
58208
58210
58211
58212
58213
58214
58215
58216
58217
58221
58222
58223
58224
58225
58226
58227
58228
58231
58233
58234
58235
58236
58238
58240
58242
58244
58245
58248
58249
58251
58252
58253
58254
58256
58257
58258
58259
58260
58261
58262
58263
58264
58265
58269
58271
58274
58275
58276
58277
58278
58279
58280
58282
58285
58286
58287
58289
58290
58291
58293
58296
58298
58300
58301
58302
58303
58305
58307
58309
58310
58312
58314
58315
58316
58317
58318
58319
58320
58321
58322
58324
58325
58326
58327
58328
58332
58333
58334
58336
58337
58338
58340
58342
58343
58344
58345
58346
58347
58348
58350
58353
58355
58357
58358
58359
58360
58361
58365
58367
58369
58370
58372
58373
58375
58377
58378
58379
58380
58381
58383
58384
58385
58387
58388
58389
58390
58391
58392
58393
58394
58395
58396
58398
58400
58401
58402
58403
58404
58405
58407
58408
58409
58411
58412
58414
58415
58417
58418
58419
58421
58422
58424
58425
58427
58428
58429
58430
58432
58433
58434
58435
58436
58437
58439
58440
58441
58443
58445
58446
58448
58449
58450
58451
58453
58454
58456
58457
58458
58459
58462
58463
58464
58467
58469
58470
58472
58473
58474
58475
58480
58481
58484
58486
58487
58488
58489
58491
58496
58499
58500
58501
58503
58504
58506
58507
58510
58512
58514
58515
58516
58517
58522
58525
58526
58529
58530
58531
58533
58534
58536
58537
58538
58539
58540
58541
58543
58546
58547
58548
58549
58550
58554
58555
58557
58559
58564
58566
58567
58568
58570
58571
58573
58574
58575
58576
58577
58578
58579
58580
58581
58583
58584
58586
58587
58588
58591
58592
58594
58596
58597
58598
58599
58600
58602
58604
58605
58606
58610
58611
58612
58613
58614
58618
58619
58620
58623
58628
58630
58631
58632
58633
58634
58635
58636
58637
58638
58640
58641
58642
58643
58645
58646
58647
58648
58650
58652
58657
58658
58661
58662
58663
58664
58665
58666
58667
58669
58670
58671
58673
58674
58675
58676
58678
58679
58680
58681
58682
58683
58684
58685
58687
58689
58690
58694
58695
58696
58697
58700
58701
58702
58703
58704
58705
58706
58707
58709
58711
58712
58713
58715
58717
58718
58719
58720
58721
58722
58723
58724
58726
58728
58729
58730
58733
58735
58736
58737
58738
58739
58740
58741
58742
58743
58744
58747
58748
58749
58750
58754
58755
58756
58758
58760
58762
58764
58765
58766
58767
58768
58770
58772
58773
58774
58776
58777
58779
58780
58781
58782
58784
58787
58788
58789
58791
58792
58794
58795
58797
58798
58799
58800
58801
58802
58803
58805
58808
58810
58811
58812
58813
58814
58819
58820
58821
58823
58824
58827
58828
58833
58834
58836
58837
58838
58843
58844
58845
58847
58848
58849
58850
58854
58855
58856
58858
58860
58862
58863
58864
58866
58869
58870
58872
58873
58874
58875
58876
58878
58883
58886
58887
58888
58890
58891
58892
58893
58894
58895
58898
58899
58900
58902
58903
58904
58905
58907
58908
58909
58910
58911
58912
58914
58919
58922
58925
58926
58927
58928
58929
58930
58931
58936
58937
58938
58941
58947
58948
58949
58950
58952
58953
58954
58958
58959
58960
58962
58963
58964
58967
58968
58971
58975
58976
58978
58979
58982
58985
58988
58989
58992
58993
58995
58996
58997
58998
58999
59001
59002
59003
59004
59005
59006
59007
59008
59010
59012
59013
59014
59016
59017
59018
59019
59021
59022
59023
59024
59025
59026
59027
59028
59032
59035
59036
59037
59038
59039
59040
59041
59043
59046
59047
59049
59050
59051
59052
59054
59055
59057
59060
59063
59067
59068
59069
59070
59071
59077
59078
59080
59081
59082
59083
59085
59086
59087
59088
59094
59096
59097
59099
59100
59102
59103
59105
59106
59107
59109
59110
59112
59115
59116
59125
59127
59130
59133
59135
59139
59140
59142
59143
59144
59146
59149
59150
59152
59153
59154
59155
59157
59158
59160
59161
59164
59166
59167
59168
59170
59171
59172
59173
59174
59175
59176
59179
59180
59181
59182
59183
59185
59188
59189
59190
59191
59196
59198
59200
59203
59205
59206
59207
59211
59212
59214
59215
59216
59219
59220
59221
59225
59226
59227
59228
59229
59233
59236
59237
59239
59242
59244
59245
59246
59250
59251
59253
59254
59256
59259
59261
59262
59263
59267
59269
59270
59272
59274
59276
59277
59279
59280
59282
59283
59284
59285
59287
59288
59289
59291
59292
59293
59295
59297
59298
59301
59304
59305
59308
59310
59311
59312
59314
59315
59318
59319
59320
59322
59327
59331
59332
59334
59335
59336
59337
59338
59339
59340
59342
59348
59349
59350
59352
59353
59355
59356
59357
59360
59361
59362
59364
59366
59368
59369
59370
59371
59372
59373
59376
59377
59380
59382
59383
59384
59385
59387
59388
59389
59390
59391
59392
59394
59395
59403
59404
59405
59407
59408
59410
59411
59412
59413
59414
59416
59418
59422
59423
59425
59426
59428
59429
59430
59431
59433
59435
59438
59440
59441
59442
59443
59445
59446
59448
59449
59452
59453
59454
59455
59456
59457
59458
59462
59466
59467
59468
59469
59472
59473
59474
59475
59476
59477
59478
59479
59480
59481
59483
59484
59485
59486
59489
59491
59493
59498
59500
59501
59502
59503
59505
59507
59508
59509
59512
59513
59514
59515
59516
59517
59518
59520
59521
59522
59523
59524
59525
59527
59528
59529
59530
59531
59534
59535
59536
59538
59539
59541
59542
59543
59544
59545
59546
59548
59550
59551
59554
59555
59557
59559
59560
59561
59563
59564
59565
59569
59570
59571
59572
59574
59575
59577
59578
59579
59582
59583
59585
59586
59587
59589
59591
59593
59594
59595
59597
59598
59599
59601
59602
59603
59604
59605
59607
59608
59611
59612
59613
59614
59615
59618
59620
59621
59623
59624
59625
59628
59635
59637
59638
59639
59641
59642
59643
59644
59647
59648
59649
59650
59651
59652
59653
59654
59655
59656
59657
59659
59660
59661
59662
59663
59664
59665
59666
59667
59669
59672
59673
59674
59675
59676
59677
59678
59679
59680
59682
59683
59684
59686
59687
59689
59692
59694
59696
59697
59698
59699
59700
59701
59702
59703
59706
59707
59708
59709
59711
59712
59713
59717
59718
59719
59720
59722
59725
59727
59728
59731
59732
59733
59734
59735
59736
59738
59742
59743
59744
59745
59746
59747
59749
59750
59751
59753
59754
59756
59759
59760
59763
59764
59767
59768
59769
59771
59772
59773
59774
59775
59776
59778
59779
59781
59783
59784
59785
59787
59789
59790
59791
59794
59796
59798
59799
59800
59801
59803
59805
59807
59808
59809
59810
59811
59812
59818
59819
59821
59822
59825
59827
59828
59829
59832
59833
59834
59835
59836
59837
59839
59840
59841
59843
59844
59846
59847
59850
59853
59854
59855
59856
59858
59860
59861
59862
59863
59864
59868
59873
59874
59878
59879
59881
59882
59883
59884
59885
59887
59889
59892
59893
59895
59898
59900
59901
59903
59904
59905
59908
59909
59911
59912
59915
59918
59919
59921
59922
59923
59924
59925
59926
59928
59930
59932
59933
59934
59935
59937
59940
59943
59944
59946
59947
59949
59950
59952
59953
59958
59959
59961
59963
59964
59966
59970
59972
59973
59974
59975
59976
59977
59978
59979
59980
59981
59982
59983
59984
59985
59992
59994
59995
59996
59998
59999
60001
60003
60004
60007
60008
60011
60013
60014
60015
60016
60018
60019
60021
60022
60023
60024
60026
60027
60028
60030
60031
60032
60033
60036
60037
60038
60039
60040
60042
60043
60045
60048
60049
60051
60052
60053
60054
60055
60056
60057
60058
60059
60063
60065
60067
60069
60070
60071
60072
60075
60078
60079
60081
60082
60083
60085
60086
60087
60089
60090
60092
60094
60095
60098
60099
60100
60102
60103
60104
60105
60106
60107
60111
60114
60115
60116
60117
60118
60119
60120
60123
60124
60125
60126
60128
60129
60130
60131
60137
60139
60140
60142
60144
60145
60146
60147
60150
60152
60153
60154
60155
60156
60158
60160
60161
60166
60167
60168
60169
60171
60172
60173
60176
60177
60178
60184
60185
60186
60187
60188
60190
60191
60192
60193
60194
60195
60196
60197
60198
60200
60201
60203
60204
60205
60206
60207
60208
60209
60210
60211
60214
60215
60216
60217
60218
60219
60220
60221
60223
60224
60225
60226
60227
60229
60230
60231
60232
60233
60236
60238
60239
60240
60242
60247
60248
60249
60250
60251
60252
60253
60255
60259
60262
60266
60267
60269
60270
60271
60273
60274
60276
60277
60278
60279
60280
60281
60284
60285
60286
60287
60289
60291
60292
60293
60294
60297
60298
60299
60300
60301
60302
60303
60305
60306
60307
60309
60310
60311
60312
60313
60314
60316
60318
60319
60322
60323
60324
60328
60329
60331
60332
60333
60334
60335
60336
60337
60339
60340
60341
60347
60349
60351
60356
60358
60359
60361
60362
60365
60366
60368
60369
60370
60371
60372
60374
60376
60378
60379
60380
60382
60383
60384
60385
60386
60387
60390
60391
60392
60394
60395
60396
60397
60398
60399
60402
60404
60405
60407
60411
60412
60418
60423
60425
60426
60427
60428
60430
60434
60435
60436
60437
60438
60443
60445
60446
60447
60449
60453
60454
60455
60456
60457
60458
60459
60460
60463
60466
60468
60469
60470
60471
60472
60473
60474
60475
60476
60480
60481
60482
60483
60485
60486
60487
60490
60491
60493
60494
60495
60501
60503
60506
60510
60511
60512
60514
60516
60519
60522
60523
60524
60525
60527
60530
60531
60532
60534
60535
60538
60539
60540
60541
60547
60548
60549
60550
60551
60553
60554
60555
60556
60558
60560
60561
60562
60563
60566
60567
60568
60569
60571
60577
60578
60579
60581
60582
60584
60585
60586
60587
60588
60589
60590
60591
60592
60593
60594
60595
60598
60601
60603
60607
60611
60612
60613
60614
60615
60625
60629
60630
60632
60633
60636
60637
60638
60639
60640
60641
60644
60646
60647
60649
60651
60653
60654
60656
60658
60661
60662
60665
60666
60670
60671
60672
60673
60674
60675
60680
60681
60683
60684
60685
60687
60689
60690
60691
60692
60693
60694
60696
60697
60698
60700
60703
60704
60705
60706
60710
60712
60714
60717
60718
60721
60723
60726
60729
60731
60732
60736
60738
60741
60742
60743
60744
60746
60747
60748
60749
60750
60752
60754
60755
60756
60757
60758
60759
60760
60761
60763
60764
60765
60767
60768
60770
60771
60773
60774
60779
60780
60781
60782
60783
60784
60785
60786
60788
60789
60791
60792
60793
60794
60795
60797
60798
60799
60800
60802
60803
60805
60808
60809
60811
60812
60813
60815
60817
60818
60819
60820
60821
60823
60824
60825
60827
60828
60831
60832
60833
60834
60836
60837
60839
60841
60843
60844
60846
60852
60853
60854
60855
60857
60858
60859
60861
60862
60865
60866
60869
60871
60872
60873
60874
60875
60877
60881
60882
60883
60886
60889
60890
60891
60893
60894
60895
60896
60898
60900
60903
60905
60906
60907
60908
60911
60912
60913
60914
60917
60919
60921
60922
60923
60926
60927
60929
60930
60931
60933
60936
60937
60939
60940
60941
60942
60943
60946
60949
60950
60953
60954
60955
60956
60957
60958
60960
60961
60963
60964
60966
60967
60969
60971
60972
60973
60974
60975
60976
60977
60981
60982
60983
60986
60987
60988
60989
60992
60993
60994
60995
60996
60997
60999
61000
61003
61004
61007
61010
61012
61013
61014
61015
61016
61017
61020
61022
61023
61024
61025
61030
61031
61033
61034
61037
61038
61039
61041
61042
61043
61044
61046
61048
61049
61052
61053
61054
61055
61056
61057
61059
61060
61062
61066
61067
61070
61071
61072
61073
61075
61076
61079
61080
61081
61082
61083
61085
61086
61089
61091
61093
61094
61096
61098
61100
61101
61103
61104
61106
61108
61109
61110
61111
61112
61114
61119
61120
61121
61124
61125
61126
61127
61128
61129
61130
61132
61133
61134
61135
61137
61138
61140
61141
61143
61144
61146
61147
61149
61151
61152
61154
61155
61159
61160
61162
61164
61165
61166
61167
61168
61169
61170
61171
61173
61176
61177
61178
61181
61182
61183
61184
61186
61188
61189
61190
61193
61194
61195
61196
61198
61200
61201
61202
61204
61206
61207
61208
61210
61211
61212
61213
61214
61215
61216
61220
61222
61223
61224
61229
61235
61236
61237
61239
61240
61241
61242
61244
61246
61247
61248
61249
61251
61252
61254
61256
61258
61259
61260
61262
61263
61265
61268
61269
61270
61271
61272
61273
61274
61275
61277
61278
61280
61281
61282
61283
61284
61287
61289
61290
61291
61295
61296
61297
61299
61300
61301
61302
61303
61304
61305
61306
61307
61310
61311
61312
61314
61315
61317
61319
61320
61322
61323
61324
61325
61326
61327
61329
61331
61332
61333
61335
61336
61337
61340
61341
61342
61343
61345
61346
61347
61350
61351
61352
61354
61355
61356
61358
61359
61360
61362
61365
61367
61368
61370
61373
61376
61380
61381
61382
61383
61384
61385
61386
61387
61388
61391
61392
61393
61396
61398
61399
61400
61401
61402
61403
61405
61407
61411
61413
61414
61417
61419
61421
61422
61423
61424
61425
61426
61428
61430
61431
61432
61433
61434
61437
61438
61439
61441
61442
61443
61444
61446
61447
61448
61450
61451
61452
61453
61454
61460
61462
61464
61465
61466
61467
61468
61469
61471
61472
61473
61474
61476
61477
61478
61479
61480
61481
61485
61490
61494
61496
61498
61500
61501
61503
61507
61508
61509
61510
61512
61513
61514
61515
61516
61518
61519
61521
61522
61523
61525
61527
61528
61529
61532
61533
61534
61535
61538
61540
61541
61542
61543
61544
61545
61546
61547
61549
61550
61552
61558
61559
61560
61561
61562
61567
61568
61569
61576
61577
61578
61579
61581
61582
61583
61584
61586
61587
61588
61589
61590
61591
61592
61593
61594
61596
61597
61599
61600
61601
61602
61603
61608
61610
61611
61613
61614
61615
61616
61617
61618
61620
61621
61624
61631
61633
61634
61636
61637
61639
61640
61641
61642
61644
61645
61646
61647
61652
61654
61655
61657
61658
61659
61660
61661
61663
61666
61668
61669
61670
61671
61672
61673
61674
61675
61676
61679
61680
61681
61682
61683
61684
61691
61692
61694
61695
61696
61697
61698
61699
61700
61701
61702
61703
61704
61706
61707
61708
61712
61713
61714
61715
61717
61718
61719
61721
61722
61724
61725
61726
61727
61728
61732
61733
61734
61735
61736
61737
61738
61742
61743
61745
61747
61749
61750
61751
61752
61753
61754
61758
61760
61761
61763
61764
61765
61767
61771
61772
61774
61775
61777
61778
61780
61781
61782
61783
61784
61786
61788
61792
61793
61794
61795
61797
61799
61800
61801
61805
61806
61809
61810
61812
61815
61820
61821
61822
61823
61824
61826
61829
61830
61831
61834
61836
61838
61840
61841
61842
61843
61846
61847
61848
61849
61850
61851
61852
61854
61856
61858
61860
61863
61864
61866
61867
61869
61870
61871
61872
61873
61874
61876
61877
61879
61881
61882
61883
61885
61887
61892
61894
61895
61896
61898
61899
61901
61902
61904
61907
61908
61910
61911
61912
61913
61914
61915
61917
61918
61919
61920
61922
61923
61924
61926
61927
61929
61930
61931
61933
61934
61935
61936
61938
61942
61944
61948
61949
61952
61955
61956
61958
61959
61960
61963
61965
61966
61967
61968
61969
61971
61972
61974
61975
61976
61978
61979
61980
61981
61982
61983
61984
61985
61988
61991
61992
61996
61997
61999
62000
62002
62003
62005
62007
62010
62011
62012
62013
62016
62018
62020
62021
62022
62024
62025
62027
62028
62031
62034
62036
62039
62040
62041
62043
62045
62046
62047
62048
62049
62050
62051
62052
62053
62054
62055
62058
62059
62061
62064
62066
62068
62069
62071
62072
62073
62074
62078
62083
62084
62086
62088
62089
62090
62091
62092
62093
62095
62096
62097
62098
62099
62100
62102
62103
62104
62105
62106
62108
62109
62110
62111
62112
62113
62114
62115
62117
62119
62122
62124
62127
62128
62129
62130
62131
62134
62135
62136
62137
62138
62139
62140
62141
62144
62146
62147
62149
62150
62151
62152
62154
62155
62156
62157
62159
62160
62161
62162
62163
62165
62168
62171
62172
62173
62175
62178
62180
62186
62188
62189
62190
62191
62193
62195
62196
62197
62198
62200
62201
62203
62204
62205
62206
62207
62212
62213
62214
62215
62216
62217
62220
62223
62225
62227
62229
62230
62231
62232
62233
62236
62237
62238
62239
62242
62243
62245
62247
62248
62249
62252
62253
62256
62259
62261
62263
62264
62265
62269
62272
62273
62274
62277
62278
62279
62280
62283
62284
62287
62288
62289
62290
62291
62293
62295
62296
62297
62299
62301
62302
62303
62304
62305
62307
62308
62310
62311
62312
62313
62316
62317
62318
62319
62321
62322
62323
62324
62325
62327
62329
62331
62332
62340
62342
62343
62344
62345
62346
62348
62349
62351
62353
62354
62356
62357
62359
62360
62361
62362
62363
62364
62366
62368
62369
62372
62373
62376
62377
62378
62379
62382
62383
62387
62390
62393
62395
62396
62399
62400
62403
62404
62405
62406
62407
62408
62411
62412
62413
62414
62415
62417
62421
62423
62424
62425
62426
62427
62428
62430
62431
62432
62433
62434
62437
62439
62442
62443
62444
62445
62447
62449
62450
62451
62452
62454
62455
62456
62457
62461
62462
62463
62464
62465
62466
62468
62469
62472
62473
62474
62475
62476
62477
62479
62481
62483
62485
62488
62489
62490
62491
62493
62494
62495
62496
62498
62499
62501
62502
62503
62504
62505
62507
62508
62512
62513
62514
62515
62517
62518
62519
62521
62522
62523
62524
62525
62526
62527
62528
62529
62530
62531
62533
62535
62536
62537
62538
62539
62540
62541
62542
62543
62544
62546
62548
62550
62551
62553
62556
62557
62560
62561
62562
62563
62564
62565
62566
62567
62568
62569
62571
62573
62574
62576
62577
62578
62580
62583
62584
62586
62588
62589
62590
62591
62592
62594
62597
62598
62600
62601
62602
62603
62604
62605
62607
62608
62609
62611
62613
62614
62615
62616
62617
62618
62619
62622
62624
62627
62628
62629
62630
62633
62634
62635
62636
62639
62640
62641
62644
62645
62646
62647
62648
62649
62653
62654
62656
62657
62658
62659
62660
62661
62662
62664
62669
62670
62671
62672
62673
62675
62676
62678
62679
62680
62684
62686
62688
62690
62691
62692
62693
62695
62697
62698
62699
62700
62701
62703
62704
62705
62706
62708
62709
62710
62712
62714
62716
62721
62722
62725
62726
62727
62729
62730
62731
62734
62735
62736
62737
62738
62739
62740
62743
62744
62745
62746
62749
62752
62754
62756
62757
62760
62763
62764
62765
62767
62768
62770
62771
62772
62773
62774
62775
62776
62778
62780
62784
62785
62786
62787
62789
62792
62793
62796
62797
62798
62799
62801
62802
62804
62805
62806
62807
62808
62811
62814
62816
62817
62818
62820
62821
62824
62825
62826
62827
62828
62829
62831
62832
62834
62835
62836
62837
62838
62841
62842
62843
62846
62847
62848
62849
62850
62852
62853
62856
62857
62858
62859
62861
62862
62866
62867
62868
62869
62870
62871
62873
62874
62878
62879
62881
62882
62883
62884
62886
62887
62889
62891
62895
62896
62897
62898
62899
62900
62902
62903
62905
62906
62908
62909
62910
62912
62914
62916
62917
62918
62919
62920
62921
62922
62926
62928
62929
62930
62931
62932
62933
62935
62936
62938
62940
62941
62942
62943
62944
62947
62948
62949
62950
62952
62953
62955
62958
62960
62965
62967
62968
62969
62970
62971
62972
62973
62976
62977
62986
62987
62988
62990
62992
62993
62995
62996
62997
62998
63001
63002
63004
63005
63006
63007
63011
63012
63013
63015
63016
63017
63019
63020
63021
63022
63023
63024
63026
63028
63029
63031
63032
63033
63034
63035
63036
63037
63039
63041
63044
63045
63046
63047
63052
63053
63055
63056
63060
63063
63065
63066
63069
63070
63071
63072
63073
63074
63075
63076
63077
63079
63080
63081
63082
63085
63087
63088
63089
63091
63094
63095
63096
63098
63100
63101
63102
63103
63104
63105
63108
63109
63111
63112
63113
63114
63115
63119
63122
63123
63126
63128
63129
63130
63131
63132
63133
63134
63135
63136
63137
63138
63139
63140
63143
63145
63146
63148
63149
63150
63151
63155
63156
63158
63159
63163
63164
63165
63166
63168
63170
63171
63172
63173
63174
63176
63177
63179
63180
63181
63182
63183
63185
63186
63189
63191
63192
63193
63194
63195
63196
63197
63199
63201
63203
63205
63206
63207
63213
63214
63215
63216
63217
63218
63220
63222
63223
63224
63227
63231
63232
63234
63237
63239
63242
63243
63245
63246
63247
63248
63249
63250
63251
63254
63255
63256
63259
63265
63266
63267
63268
63269
63272
63273
63275
63276
63277
63278
63279
63282
63283
63284
63285
63287
63289
63290
63294
63297
63299
63300
63301
63305
63307
63308
63309
63310
63311
63314
63317
63319
63321
63323
63324
63326
63327
63328
63330
63331
63333
63334
63335
63336
63337
63339
63340
63341
63344
63345
63346
63351
63352
63353
63355
63356
63357
63358
63359
63360
63361
63363
63364
63365
63367
63369
63371
63374
63376
63378
63380
63381
63382
63384
63387
63388
63390
63392
63394
63395
63397
63398
63399
63400
63402
63403
63404
63407
63409
63411
63412
63413
63414
63415
63416
63417
63418
63419
63421
63422
63423
63424
63425
63426
63429
63431
63433
63435
63437
63439
63440
63441
63443
63444
63445
63446
63447
63452
63453
63454
63455
63456
63457
63458
63459
63460
63461
63463
63464
63466
63467
63469
63471
63473
63474
63478
63479
63480
63481
63482
63484
63487
63488
63489
63490
63492
63493
63495
63496
63498
63499
63500
63506
63507
63508
63509
63512
63513
63514
63515
63516
63517
63520
63521
63523
63524
63525
63526
63527
63528
63529
63531
63532
63533
63534
63535
63536
63539
63542
63543
63544
63547
63548
63549
63550
63551
63552
63553
63557
63560
63561
63563
63566
63567
63568
63569
63570
63571
63574
63575
63577
63579
63582
63584
63585
63586
63587
63588
63590
63592
63593
63594
63595
63597
63598
63599
63601
63603
63605
63608
63609
63611
63614
63618
63619
63620
63621
63623
63624
63625
63626
63628
63629
63632
63633
63634
63638
63640
63642
63643
63644
63646
63647
63648
63649
63650
63651
63652
63653
63654
63656
63657
63658
63659
63660
63661
63662
63663
63666
63667
63670
63671
63675
63676
63678
63679
63680
63686
63687
63688
63691
63693
63695
63696
63697
63699
63700
63701
63703
63704
63705
63706
63707
63710
63713
63714
63715
63716
63719
63720
63725
63726
63727
63728
63731
63732
63734
63736
63738
63740
63741
63745
63746
63748
63749
63750
63752
63753
63754
63755
63757
63758
63759
63760
63761
63763
63764
63765
63767
63769
63770
63771
63772
63773
63775
63777
63781
63782
63783
63785
63786
63789
63792
63794
63796
63798
63799
63801
63803
63804
63806
63807
63808
63809
63810
63811
63813
63814
63816
63817
63818
63819
63821
63823
63824
63827
63828
63829
63831
63832
63834
63839
63840
63841
63842
63844
63845
63846
63848
63849
63850
63851
63853
63854
63855
63859
63861
63863
63865
63866
63871
63875
63876
63878
63880
63883
63884
63886
63887
63891
63892
63894
63895
63898
63900
63902
63903
63906
63907
63908
63911
63921
63922
63923
63924
63926
63928
63933
63934
63935
63936
63940
63941
63942
63943
63944
63945
63946
63947
63948
63949
63950
63951
63953
63956
63957
63958
63960
63962
63963
63964
63965
63966
63969
63970
63971
63975
63978
63979
63981
63982
63984
63985
63986
63987
63989
63991
63992
63993
63994
63995
63997
63999
64000
64001
64002
64003
64005
64008
64009
64011
64012
64013
64014
64018
64019
64020
64021
64022
64023
64024
64026
64027
64030
64032
64035
64036
64037
64040
64042
64043
64044
64045
64047
64050
64051
64052
64055
64056
64057
64061
64062
64063
64064
64065
64066
64067
64068
64069
64070
64072
64073
64075
64077
64078
64079
64082
64083
64085
64087
64088
64089
64091
64094
64095
64096
64097
64098
64099
64103
64104
64105
64106
64107
64108
64111
64112
64113
64115
64117
64118
64119
64120
64121
64122
64124
64125
64126
64127
64128
64130
64131
64133
64134
64135
64137
64139
64140
64144
64145
64147
64149
64150
64151
64153
64154
64158
64159
64160
64161
64164
64165
64167
64168
64169
64170
64171
64172
64173
64174
64177
64178
64180
64181
64184
64186
64187
64188
64190
64191
64192
64193
64196
64197
64199
64200
64204
64205
64209
64210
64213
64214
64216
64218
64221
64223
64224
64225
64226
64227
64228
64229
64235
64236
64237
64242
64243
64244
64245
64246
64247
64248
64250
64251
64254
64255
64258
64260
64261
64262
64263
64266
64267
64268
64269
64270
64273
64275
64276
64277
64280
64283
64284
64286
64287
64288
64289
64293
64295
64296
64297
64299
64300
64301
64303
64306
64307
64308
64309
64312
64313
64314
64318
64319
64320
64321
64322
64323
64324
64325
64326
64327
64328
64329
64332
64333
64334
64335
64336
64337
64338
64339
64340
64342
64343
64351
64352
64353
64354
64356
64359
64360
64361
64362
64363
64364
64365
64367
64369
64371
64372
64373
64374
64377
64379
64380
64383
64386
64387
64388
64389
64390
64391
64392
64393
64394
64396
64397
64399
64401
64402
64403
64404
64405
64407
64408
64410
64412
64413
64416
64417
64421
64422
64423
64426
64427
64428
64429
64431
64433
64434
64435
64441
64442
64445
64446
64448
64449
64453
64456
64459
64460
64461
64462
64463
64464
64466
64467
64468
64471
64472
64476
64477
64479
64480
64481
64484
64485
64487
64488
64489
64490
64492
64494
64495
64496
64497
64498
64500
64501
64503
64504
64505
64508
64509
64513
64514
64516
64517
64518
64519
64520
64521
64522
64523
64524
64525
64526
64527
64532
64533
64534
64535
64536
64537
64543
64546
64547
64549
64551
64554
64555
64557
64558
64559
64561
64562
64563
64565
64567
64572
64575
64577
64578
64579
64581
64582
64583
64585
64586
64587
64588
64589
64590
64591
64593
64594
64596
64597
64598
64599
64600
64601
64604
64605
64608
64611
64613
64617
64618
64619
64620
64621
64623
64625
64626
64628
64630
64631
64632
64633
64635
64636
64638
64641
64643
64644
64646
64648
64649
64651
64653
64654
64655
64656
64658
64659
64660
64664
64665
64666
64668
64670
64674
64675
64676
64677
64679
64681
64682
64683
64685
64686
64687
64688
64689
64693
64694
64695
64696
64699
64701
64702
64703
64704
64705
64707
64708
64709
64712
64713
64714
64715
64720
64722
64723
64724
64725
64726
64729
64732
64733
64734
64737
64738
64741
64742
64743
64744
64745
64746
64747
64748
64749
64751
64752
64753
64754
64756
64757
64759
64761
64763
64764
64766
64768
64769
64771
64773
64775
64780
64781
64782
64783
64784
64787
64789
64791
64793
64794
64795
64796
64798
64803
64812
64815
64816
64817
64819
64820
64822
64824
64825
64826
64829
64833
64835
64837
64839
64840
64842
64843
64846
64847
64848
64849
64850
64851
64852
64853
64855
64856
64857
64860
64861
64862
64863
64864
64866
64870
64874
64877
64879
64880
64881
64883
64884
64885
64886
64887
64891
64893
64894
64895
64896
64899
64900
64902
64905
64908
64909
64911
64912
64914
64916
64920
64922
64923
64925
64926
64928
64929
64931
64932
64934
64935
64936
64938
64939
64940
64941
64942
64944
64945
64946
64947
64948
64949
64951
64954
64955
64957
64958
64959
64960
64961
64962
64963
64964
64965
64966
64968
64969
64970
64971
64972
64973
64975
64976
64977
64981
64982
64983
64985
64987
64990
64992
64995
64997
64998
64999
65000
65001
65003
65004
65006
65007
65010
65011
65013
65014
65015
65016
65018
65019
65020
65021
65022
65023
65024
65025
65027
65029
65031
65032
65035
65038
65040
65043
65045
65047
65048
65050
65051
65052
65053
65054
65057
65059
65060
65061
65062
65063
65065
65066
65067
65068
65069
65070
65074
65077
65078
65079
65080
65082
65083
65085
65087
65089
65091
65095
65096
65101
65102
65103
65104
65105
65106
65107
65108
65109
65110
65112
65114
65117
65121
65122
65124
65125
65127
65128
65129
65130
65133
65135
65136
65137
65141
65142
65143
65145
65147
65148
65150
65154
65159
65161
65162
65165
65168
65169
65171
65172
65174
65175
65176
65179
65180
65181
65182
65183
65184
65185
65186
65187
65188
65191
65192
65195
65197
65199
65200
65201
65203
65205
65206
65207
65208
65209
65213
65217
65218
65219
65220
65221
65222
65224
65227
65228
65233
65235
65236
65239
65240
65241
65245
65246
65247
65250
65251
65255
65256
65258
65259
65261
65263
65264
65265
65266
65268
65269
65271
65272
65273
65275
65276
65277
65278
65279
65281
65282
65285
65286
65287
65288
65289
65290
65293
65294
65295
65296
65297
65299
65300
65302
65304
65305
65306
65307
65308
65309
65313
65315
65316
65317
65318
65319
65321
65323
65324
65325
65326
65327
65329
65332
65333
65335
65337
65340
65341
65344
65345
65348
65351
65353
65356
65359
65361
65363
65364
65366
65368
65369
65370
65371
65373
65374
65375
65376
65378
65381
65382
65387
65389
65391
65392
65393
65396
65398
65401
65402
65404
65407
65410
65413
65415
65416
65417
65418
65419
65420
65421
65423
65426
65430
65434
65435
65441
65442
65444
65445
65447
65449
65450
65451
65452
65453
65454
65455
65458
65459
65460
65462
65464
65468
65469
65470
65471
65472
65474
65476
65478
65480
65483
65485
65486
65488
65489
65491
65496
65497
65498
65499
65500
65504
65505
65506
65509
65511
65512
65513
65514
65515
65516
65517
65518
65520
65521
65522
65523
65524
65525
65526
65527
65528
65529
65532
65533
65534
65536
65540
65542
65546
65548
65550
65552
65553
65554
65555
65556
65557
65559
65560
65561
65562
65565
65566
65567
65570
65572
65575
65576
65577
65579
65580
65582
65583
65585
65586
65587
65588
65591
65593
65595
65596
65598
65599
65600
65602
65604
65605
65606
65608
65611
65612
65613
65614
65615
65621
65622
65623
65624
65626
65627
65630
65631
65632
65634
65635
65636
65637
65638
65640
65641
65642
65643
65644
65645
65646
65647
65648
65649
65650
65651
65653
65654
65655
65659
65660
65661
65662
65663
65664
65665
65666
65667
65670
65673
65674
65675
65677
65679
65680
65681
65682
65686
65688
65689
65690
65691
65692
65695
65696
65697
65698
65699
65700
65701
65702
65704
65705
65706
65707
65708
65711
65712
65713
65714
65716
65717
65720
65721
65722
65723
65724
65725
65727
65728
65729
65732
65734
65736
65737
65738
65739
65741
65742
65744
65745
65746
65749
65750
65752
65754
65755
65756
65758
65759
65760
65761
65765
65767
65768
65770
65771
65772
65773
65774
65775
65776
65777
65778
65779
65780
65782
65783
65784
65786
65787
65788
65789
65790
65791
65792
65794
65796
65797
65798
65802
65804
65805
65806
65807
65809
65810
65811
65812
65813
65814
65815
65816
65817
65818
65822
65823
65824
65825
65826
65827
65828
65829
65830
65834
65836
65839
65840
65841
65842
65843
65846
65848
65849
65852
65853
65855
65856
65858
65859
65860
65861
65862
65863
65864
65866
65867
65868
65869
65870
65871
65872
65875
65876
65878
65879
65880
65881
65883
65885
65886
65887
65888
65890
65892
65893
65894
65895
65896
65897
65900
65903
65904
65905
65906
65907
65909
65910
65911
65912
65915
65917
65918
65920
65921
65922
65923
65924
65926
65927
65930
65931
65932
65933
65935
65937
65939
65940
65941
65943
65945
65946
65949
65950
65951
65953
65954
65956
65958
65960
65961
65963
65964
65966
65967
65969
65970
65971
65972
65974
65975
65976
65977
65978
65979
65980
65982
65983
65984
65985
65987
65988
65989
65990
65991
65992
65994
65996
65998
66000
66004
66005
66006
66007
66008
66009
66011
66016
66017
66018
66019
66020
66023
66026
66027
66028
66029
66030
66031
66032
66034
66035
66036
66037
66040
66042
66045
66046
66047
66050
66051
66052
66053
66054
66055
66057
66058
66059
66060
66061
66062
66065
66066
66067
66069
66070
66073
66075
66078
66079
66081
66082
66084
66085
66086
66088
66089
66092
66093
66094
66096
66099
66100
66101
66102
66103
66104
66105
66107
66108
66109
66112
66113
66116
66117
66118
66119
66120
66121
66124
66127
66128
66129
66130
66132
66133
66134
66135
66137
66141
66142
66143
66144
66145
66147
66148
66150
66151
66152
66153
66154
66155
66158
66159
66160
66161
66164
66165
66166
66167
66168
66171
66174
66175
66176
66181
66182
66183
66184
66187
66188
66189
66191
66192
66193
66195
66199
66201
66202
66204
66208
66209
66210
66211
66213
66214
66215
66216
66218
66219
66220
66221
66222
66223
66226
66227
66229
66232
66233
66236
66237
66238
66239
66240
66241
66242
66243
66244
66246
66247
66250
66253
66255
66256
66257
66259
66261
66262
66265
66266
66268
66270
66271
66272
66273
66276
66278
66280
66282
66283
66284
66285
66288
66291
66292
66293
66295
66297
66298
66299
66301
66302
66303
66304
66305
66307
66308
66310
66311
66313
66318
66319
66324
66326
66328
66329
66330
66331
66332
66334
66336
66337
66339
66340
66341
66342
66343
66344
66345
66346
66349
66350
66351
66352
66354
66355
66357
66358
66359
66361
66362
66365
66367
66368
66369
66370
66371
66372
66373
66376
66379
66381
66382
66387
66388
66390
66393
66394
66395
66396
66397
66398
66399
66402
66403
66404
66405
66406
66407
66408
66409
66410
66411
66413
66415
66417
66418
66419
66420
66421
66422
66423
66426
66427
66432
66433
66434
66435
66438
66440
66443
66444
66446
66447
66448
66449
66450
66452
66453
66457
66461
66464
66465
66468
66471
66472
66473
66475
66476
66479
66480
66484
66487
66488
66490
66491
66493
66494
66495
66498
66501
66502
66503
66507
66509
66510
66512
66514
66515
66516
66517
66518
66519
66520
66521
66522
66525
66526
66528
66530
66532
66533
66534
66537
66538
66540
66543
66544
66545
66546
66547
66548
66549
66552
66553
66554
66556
66557
66559
66560
66568
66571
66574
66576
66577
66578
66580
66582
66584
66585
66586
66588
66592
66593
66595
66596
66597
66599
66600
66601
66602
66603
66604
66605
66611
66612
66613
66614
66616
66619
66620
66621
66622
66626
66630
66632
66634
66635
66637
66639
66643
66645
66646
66650
66652
66653
66654
66655
66661
66662
66664
66667
66668
66670
66671
66672
66676
66677
66678
66681
66684
66685
66687
66688
66689
66691
66693
66694
66698
66699
66700
66701
66704
66705
66707
66708
66710
66713
66714
66715
66716
66718
66719
66720
66721
66724
66726
66727
66728
66730
66731
66733
66735
66738
66741
66742
66743
66744
66745
66747
66748
66751
66752
66754
66755
66758
66762
66763
66767
66768
66769
66770
66771
66773
66774
66775
66776
66780
66782
66783
66787
66788
66791
66792
66794
66796
66797
66798
66803
66805
66806
66810
66811
66813
66814
66815
66817
66819
66820
66821
66822
66824
66826
66827
66829
66830
66831
66832
66833
66835
66837
66839
66841
66842
66844
66845
66846
66847
66848
66849
66850
66856
66857
66859
66860
66861
66862
66864
66865
66866
66868
66870
66871
66872
66873
66874
66878
66881
66882
66883
66886
66887
66889
66891
66894
66895
66896
66899
66900
66901
66902
66903
66906
66908
66909
66910
66911
66914
66916
66918
66919
66920
66921
66923
66924
66927
66928
66929
66931
66932
66935
66936
66938
66939
66941
66943
66944
66945
66946
66948
66951
66953
66954
66955
66957
66958
66959
66960
66962
66963
66965
66967
66970
66975
66976
66977
66978
66979
66980
66981
66982
66985
66986
66987
66988
66993
66995
66996
66997
66999
67001
67002
67003
67005
67006
67008
67009
67010
67013
67014
67017
67020
67021
67022
67023
67024
67025
67026
67028
67030
67031
67032
67033
67034
67036
67039
67040
67041
67043
67044
67046
67048
67049
67050
67051
67052
67054
67055
67057
67058
67060
67061
67063
67065
67069
67070
67072
67073
67074
67075
67076
67077
67078
67080
67081
67083
67084
67085
67086
67087
67088
67090
67092
67094
67095
67100
67101
67102
67103
67104
67106
67109
67110
67115
67116
67117
67119
67122
67123
67124
67125
67126
67127
67129
67132
67134
67135
67136
67138
67139
67140
67141
67142
67144
67146
67148
67150
67151
67153
67156
67158
67160
67162
67163
67164
67165
67167
67170
67172
67174
67175
67177
67182
67183
67185
67187
67188
67189
67190
67191
67192
67193
67196
67197
67199
67200
67201
67202
67203
67205
67208
67209
67213
67214
67216
67217
67218
67219
67220
67223
67224
67226
67228
67230
67231
67234
67235
67236
67237
67238
67239
67240
67242
67244
67246
67247
67248
67249
67250
67251
67253
67254
67257
67263
67264
67265
67266
67267
67271
67272
67277
67279
67280
67281
67282
67283
67284
67285
67286
67287
67288
67291
67292
67293
67294
67297
67298
67299
67301
67302
67303
67305
67307
67310
67311
67312
67313
67314
67315
67316
67317
67318
67319
67320
67321
67322
67324
67325
67326
67328
67329
67330
67331
67334
67336
67339
67341
67342
67343
67345
67346
67347
67348
67350
67352
67354
67356
67357
67358
67359
67361
67362
67363
67367
67368
67371
67373
67374
67375
67376
67378
67379
67380
67381
67382
67383
67385
67387
67389
67390
67392
67395
67397
67398
67399
67400
67402
67403
67404
67406
67410
67417
67418
67419
67420
67421
67423
67425
67426
67428
67431
67433
67434
67435
67438
67442
67443
67444
67449
67450
67453
67454
67455
67456
67457
67458
67459
67460
67461
67462
67463
67467
67468
67469
67470
67471
67476
67477
67480
67481
67483
67485
67486
67489
67490
67491
67492
67494
67495
67498
67500
67501
67504
67505
67506
67507
67508
67511
67512
67514
67515
67517
67520
67521
67522
67523
67525
67527
67528
67530
67533
67534
67536
67537
67539
67541
67542
67543
67544
67545
67546
67547
67551
67553
67556
67557
67558
67559
67561
67563
67564
67565
67566
67567
67568
67569
67571
67572
67573
67574
67577
67578
67583
67584
67585
67586
67588
67589
67590
67592
67594
67595
67597
67598
67599
67603
67605
67606
67607
67609
67611
67612
67613
67615
67616
67617
67620
67621
67623
67625
67627
67628
67630
67633
67634
67635
67636
67642
67643
67645
67646
67647
67648
67649
67650
67651
67652
67653
67655
67659
67660
67661
67662
67663
67664
67665
67666
67667
67668
67670
67671
67674
67675
67676
67677
67678
67680
67682
67684
67685
67686
67689
67690
67691
67692
67693
67695
67697
67699
67700
67701
67703
67704
67707
67708
67709
67712
67714
67715
67719
67720
67721
67723
67725
67726
67727
67728
67729
67730
67731
67732
67733
67734
67735
67737
67738
67739
67740
67741
67744
67746
67748
67750
67751
67752
67753
67754
67755
67758
67759
67761
67764
67765
67766
67767
67768
67769
67770
67771
67772
67776
67777
67781
67782
67783
67784
67785
67786
67787
67789
67790
67791
67792
67795
67798
67799
67800
67806
67807
67812
67815
67816
67819
67820
67821
67822
67824
67827
67830
67833
67834
67837
67839
67843
67844
67846
67847
67849
67850
67851
67854
67856
67858
67859
67860
67861
67864
67865
67866
67867
67868
67870
67871
67873
67874
67875
67877
67879
67880
67881
67882
67884
67888
67890
67891
67892
67893
67894
67897
67898
67900
67901
67902
67905
67908
67909
67913
67914
67916
67917
67920
67921
67923
67924
67927
67928
67930
67931
67933
67934
67935
67941
67943
67944
67945
67946
67948
67950
67952
67953
67957
67960
67961
67962
67963
67964
67966
67967
67968
67970
67971
67972
67974
67975
67977
67979
67980
67981
67983
67984
67985
67987
67989
67990
67991
67992
67993
67994
67996
67998
68001
68002
68006
68007
68008
68009
68011
68013
68014
68016
68017
68018
68020
68021
68022
68023
68024
68025
68026
68027
68029
68030
68035
68036
68040
68041
68043
68044
68045
68046
68048
68049
68050
68051
68054
68055
68057
68058
68060
68061
68062
68063
68064
68065
68066
68067
68068
68069
68071
68073
68074
68075
68077
68078
68080
68083
68084
68085
68087
68088
68089
68093
68094
68100
68101
68102
68103
68104
68105
68106
68107
68108
68109
68110
68113
68114
68116
68117
68118
68121
68123
68124
68128
68130
68134
68135
68137
68140
68141
68142
68143
68144
68145
68146
68147
68149
68150
68153
68155
68157
68158
68159
68161
68162
68164
68168
68172
68173
68176
68177
68178
68180
68181
68184
68185
68186
68187
68191
68192
68193
68194
68195
68197
68198
68199
68200
68202
68203
68204
68207
68208
68209
68210
68211
68213
68214
68215
68216
68218
68219
68220
68221
68225
68228
68230
68231
68232
68234
68235
68237
68238
68239
68240
68242
68243
68245
68251
68256
68262
68264
68265
68267
68269
68272
68273
68275
68276
68277
68279
68280
68286
68288
68289
68291
68292
68293
68294
68295
68299
68300
68301
68302
68303
68304
68306
68311
68312
68313
68319
68321
68322
68323
68326
68327
68331
68333
68334
68335
68336
68337
68343
68344
68345
68347
68349
68350
68353
68355
68356
68358
68361
68363
68364
68365
68368
68369
68371
68372
68373
68374
68377
68379
68380
68381
68382
68384
68385
68386
68388
68390
68391
68393
68395
68396
68397
68399
68405
68406
68408
68410
68411
68414
68419
68423
68425
68426
68427
68429
68430
68431
68433
68435
68436
68440
68441
68442
68443
68445
68448
68449
68450
68451
68452
68456
68457
68458
68459
68460
68467
68468
68469
68470
68471
68472
68474
68475
68477
68478
68479
68480
68481
68482
68483
68485
68486
68488
68489
68490
68491
68494
68495
68496
68497
68499
68501
68503
68504
68505
68506
68512
68513
68515
68517
68518
68519
68520
68521
68522
68525
68527
68528
68530
68532
68536
68540
68541
68542
68543
68544
68545
68546
68548
68552
68554
68555
68556
68557
68558
68559
68563
68565
68566
68567
68568
68570
68571
68572
68573
68574
68575
68576
68577
68579
68580
68581
68584
68585
68586
68587
68588
68589
68590
68592
68597
68598
68599
68600
68601
68602
68604
68605
68606
68607
68609
68612
68613
68614
68615
68617
68618
68620
68621
68623
68625
68626
68628
68629
68631
68633
68634
68635
68637
68638
68639
68641
68644
68646
68647
68648
68650
68651
68654
68657
68658
68661
68665
68666
68668
68670
68671
68672
68673
68674
68675
68677
68679
68682
68684
68685
68688
68691
68692
68694
68696
68699
68700
68701
68702
68704
68705
68706
68707
68709
68711
68712
68713
68716
68717
68718
68719
68720
68721
68723
68724
68725
68727
68728
68729
68733
68734
68735
68736
68737
68738
68740
68741
68742
68743
68744
68745
68747
68749
68750
68752
68754
68757
68758
68760
68761
68762
68764
68765
68766
68769
68772
68773
68774
68775
68776
68777
68778
68781
68783
68785
68787
68789
68790
68791
68792
68793
68794
68797
68799
68800
68801
68803
68804
68805
68806
68807
68809
68810
68811
68813
68819
68820
68822
68823
68824
68825
68826
68827
68828
68830
68831
68832
68833
68834
68835
68836
68837
68838
68839
68840
68842
68843
68844
68845
68848
68849
68851
68853
68854
68855
68856
68857
68858
68859
68860
68861
68863
68864
68865
68867
68869
68870
68871
68872
68873
68874
68875
68876
68877
68878
68879
68880
68881
68882
68883
68884
68885
68888
68889
68891
68892
68894
68895
68896
68897
68898
68899
68900
68902
68903
68904
68905
68907
68908
68910
68912
68914
68915
68916
68918
68922
68923
68925
68926
68930
68932
68934
68937
68939
68941
68944
68945
68946
68949
68950
68951
68952
68954
68955
68956
68957
68961
68962
68964
68965
68967
68968
68969
68971
68972
68974
68975
68976
68978
68981
68983
68986
68988
68989
68990
68991
68994
68995
69004
69005
69006
69008
69009
69013
69014
69016
69018
69019
69020
69022
69023
69024
69025
69026
69028
69032
69033
69034
69035
69037
69038
69040
69041
69042
69046
69047
69049
69050
69051
69053
69055
69057
69058
69059
69060
69064
69065
69066
69067
69070
69071
69072
69073
69074
69075
69076
69078
69080
69082
69083
69084
69087
69089
69091
69092
69093
69094
69095
69097
69100
69102
69103
69104
69105
69107
69110
69113
69117
69120
69121
69122
69126
69128
69129
69130
69131
69132
69134
69135
69136
69137
69139
69140
69141
69143
69145
69148
69149
69150
69152
69153
69154
69155
69157
69159
69162
69163
69164
69165
69169
69171
69173
69174
69176
69177
69178
69180
69181
69182
69184
69185
69186
69188
69189
69191
69193
69194
69195
69198
69199
69201
69202
69203
69206
69207
69208
69209
69210
69211
69212
69213
69214
69217
69218
69219
69220
69221
69222
69223
69224
69226
69227
69228
69229
69230
69231
69232
69233
69235
69236
69237
69238
69240
69241
69242
69243
69244
69245
69246
69247
69248
69249
69250
69251
69255
69256
69257
69259
69260
69261
69263
69266
69267
69268
69275
69277
69279
69280
69282
69283
69284
69288
69289
69290
69291
69292
69293
69294
69296
69298
69299
69300
69301
69302
69303
69304
69305
69307
69309
69310
69312
69313
69314
69315
69316
69317
69319
69320
69323
69326
69327
69328
69329
69333
69336
69337
69338
69340
69343
69346
69348
69349
69350
69351
69353
69354
69357
69358
69359
69360
69362
69363
69365
69366
69368
69371
69372
69373
69374
69376
69377
69379
69380
69381
69382
69388
69389
69390
69391
69392
69393
69395
69397
69400
69401
69402
69404
69407
69410
69413
69414
69415
69417
69418
69423
69424
69425
69426
69427
69428
69429
69430
69431
69432
69433
69434
69436
69437
69439
69443
69446
69448
69450
69451
69453
69454
69455
69457
69458
69459
69460
69461
69462
69463
69464
69467
69468
69469
69474
69476
69478
69480
69481
69482
69484
69485
69486
69487
69489
69490
69492
69494
69495
69498
69499
69500
69502
69503
69504
69505
69507
69508
69509
69511
69512
69513
69514
69516
69517
69518
69519
69520
69521
69522
69524
69528
69529
69530
69532
69533
69535
69536
69537
69541
69542
69543
69544
69550
69551
69553
69555
69556
69557
69559
69561
69562
69564
69565
69566
69567
69568
69569
69571
69573
69575
69576
69577
69578
69580
69583
69584
69585
69586
69587
69588
69589
69590
69591
69592
69593
69594
69595
69596
69598
69599
69602
69603
69604
69606
69607
69609
69612
69614
69615
69616
69617
69618
69619
69620
69623
69624
69626
69627
69629
69630
69632
69633
69637
69640
69641
69643
69646
69649
69652
69653
69655
69656
69658
69659
69661
69663
69666
69667
69669
69670
69672
69673
69676
69678
69681
69682
69683
69684
69688
69689
69690
69691
69693
69694
69697
69698
69699
69700
69701
69705
69706
69707
69708
69710
69712
69713
69715
69717
69721
69724
69725
69727
69728
69729
69730
69731
69733
69734
69735
69737
69739
69741
69743
69744
69745
69746
69747
69748
69749
69751
69752
69754
69758
69759
69760
69763
69766
69767
69768
69769
69774
69775
69776
69777
69778
69780
69783
69784
69786
69787
69789
69790
69792
69794
69795
69796
69797
69798
69799
69800
69801
69802
69803
69804
69807
69810
69813
69814
69816
69817
69820
69821
69822
69823
69824
69825
69826
69827
69829
69830
69831
69832
69835
69836
69838
69839
69840
69841
69844
69848
69851
69853
69854
69856
69858
69859
69865
69866
69867
69868
69869
69871
69872
69873
69874
69875
69878
69879
69881
69884
69886
69887
69888
69889
69890
69893
69894
69895
69898
69900
69902
69903
69904
69906
69907
69908
69910
69911
69912
69914
69916
69917
69920
69921
69922
69923
69924
69926
69927
69928
69929
69930
69933
69934
69935
69936
69937
69938
69940
69941
69943
69945
69946
69947
69948
69951
69952
69954
69955
69957
69958
69959
69960
69961
69962
69963
69964
69965
69966
69967
69970
69971
69972
69973
69975
69976
69977
69978
69979
69980
69981
69982
69983
69985
69986
69987
69988
69990
69991
69992
69994
69995
69996
69997
69998
69999
70000
70001
70003
70004
70006
70007
70008
70009
70010
70011
70012
70013
70014
70015
70017
70018
70021
70022
70023
70024
70025
70027
70028
70029
70030
70031
70032
70033
70034
70035
70036
70037
70038
70039
70040
70041
70043
70044
70046
70047
70048
70049
70050
70052
70053
70055
70056
70058
70060
70061
70062
70063
70065
70069
70072
70074
70078
70081
70082
70085
70086
70087
70088
70094
70096
70097
70098
70100
70104
70106
70107
70108
70109
70113
70114
70116
70117
70118
70119
70120
70121
70122
70123
70125
70126
70128
70132
70133
70134
70136
70137
70140
70142
70143
70144
70145
70146
70147
70149
70150
70152
70153
70155
70156
70157
70158
70159
70160
70161
70164
70165
70166
70167
70168
70170
70171
70172
70173
70176
70177
70178
70179
70180
70184
70187
70188
70189
70190
70191
70192
70193
70194
70195
70196
70198
70199
70200
70202
70203
70206
70207
70208
70210
70211
70213
70214
70216
70221
70223
70224
70225
70227
70228
70229
70230
70231
70232
70233
70234
70236
70238
70239
70240
70242
70243
70244
70245
70246
70249
70251
70252
70253
70255
70256
70257
70260
70264
70265
70267
70270
70272
70273
70275
70277
70278
70279
70280
70281
70282
70285
70286
70287
70290
70294
70296
70297
70298
70299
70302
70303
70305
70306
70308
70309
70311
70312
70315
70316
70317
70318
70319
70321
70322
70323
70324
70325
70327
70328
70329
70330
70331
70332
70333
70334
70335
70336
70337
70338
70342
70343
70345
70348
70349
70351
70353
70355
70360
70362
70363
70366
70367
70368
70370
70372
70374
70375
70377
70379
70380
70381
70382
70383
70384
70385
70386
70387
70389
70393
70394
70395
70396
70397
70404
70407
70409
70412
70414
70419
70420
70421
70422
70424
70426
70431
70432
70435
70436
70437
70438
70439
70441
70444
70445
70446
70447
70448
70449
70450
70451
70452
70453
70454
70455
70456
70457
70459
70460
70461
70465
70466
70467
70468
70472
70475
70477
70482
70483
70484
70486
70488
70490
70491
70493
70497
70499
70500
70502
70505
70506
70507
70509
70512
70513
70514
70515
70516
70517
70518
70519
70520
70521
70522
70523
70525
70526
70527
70528
70529
70530
70532
70533
70534
70535
70536
70539
70540
70541
70543
70545
70548
70549
70550
70551
70552
70553
70556
70557
70561
70563
70564
70565
70566
70567
70569
70571
70572
70575
70576
70577
70578
70580
70582
70583
70584
70586
70588
70591
70593
70595
70596
70597
70598
70599
70600
70604
70605
70606
70607
70608
70609
70610
70611
70612
70613
70616
70617
70621
70622
70623
70626
70627
70629
70635
70637
70641
70642
70647
70649
70651
70656
70659
70660
70662
70663
70665
70666
70667
70668
70669
70670
70673
70675
70676
70679
70682
70683
70684
70686
70688
70689
70690
70691
70693
70694
70695
70696
70697
70702
70703
70706
70707
70708
70709
70710
70711
70713
70718
70719
70720
70722
70725
70726
70729
70731
70732
70734
70736
70737
70738
70739
70740
70741
70742
70743
70745
70746
70748
70757
70759
70760
70762
70763
70764
70765
70766
70767
70768
70769
70771
70772
70774
70776
70777
70779
70780
70781
70783
70784
70785
70786
70787
70788
70790
70792
70793
70797
70800
70802
70803
70804
70806
70807
70808
70809
70810
70811
70814
70815
70816
70817
70818
70822
70823
70824
70826
70827
70829
70831
70832
70834
70835
70836
70837
70838
70839
70840
70841
70842
70843
70844
70845
70846
70847
70849
70850
70851
70852
70853
70854
70855
70856
70858
70859
70860
70861
70862
70864
70867
70870
70871
70872
70873
70874
70875
70878
70879
70880
70881
70882
70883
70885
70886
70887
70888
70889
70890
70891
70894
70896
70898
70899
70901
70902
70903
70904
70905
70907
70911
70912
70913
70914
70915
70916
70917
70918
70920
70921
70922
70923
70924
70925
70926
70927
70928
70930
70931
70932
70934
70935
70938
70939
70940
70941
70942
70943
70944
70946
70947
70949
70950
70952
70953
70954
70955
70956
70957
70958
70959
70960
70968
70973
70976
70977
70978
70979
70980
70981
70982
70984
70985
70986
70987
70988
70991
70992
70993
70994
70995
70996
70997
70999
71002
71004
71005
71006
71007
71009
71010
71012
71014
71017
71018
71019
71020
71027
71028
71029
71030
71031
71032
71033
71036
71042
71043
71044
71047
71048
71049
71050
71051
71052
71055
71056
71057
71060
71061
71062
71063
71064
71065
71066
71067
71068
71070
71073
71074
71075
71076
71077
71078
71079
71081
71082
71083
71085
71086
71087
71089
71093
71094
71096
71097
71098
71100
71101
71102
71103
71104
71105
71107
71108
71109
71112
71113
71114
71115
71116
71117
71119
71120
71121
71123
71125
71126
71130
71131
71132
71135
71137
71139
71140
71142
71144
71146
71147
71148
71150
71151
71156
71157
71158
71160
71161
71162
71163
71165
71167
71168
71169
71172
71173
71175
71176
71177
71178
71179
71182
71183
71184
71185
71186
71187
71189
71192
71194
71195
71196
71197
71198
71200
71204
71205
71207
71209
71211
71212
71213
71216
71218
71219
71220
71221
71222
71223
71224
71225
71226
71228
71230
71231
71232
71234
71235
71236
71239
71243
71246
71250
71251
71252
71253
71254
71256
71257
71262
71263
71267
71268
71269
71271
71274
71275
71276
71277
71278
71279
71281
71284
71286
71287
71288
71289
71290
71291
71293
71296
71299
71302
71303
71304
71305
71306
71307
71309
71310
71312
71314
71316
71317
71318
71320
71321
71322
71325
71326
71327
71330
71332
71338
71339
71340
71341
71342
71344
71349
71350
71351
71352
71353
71354
71355
71356
71357
71358
71359
71360
71361
71362
71364
71366
71369
71372
71374
71376
71377
71380
71381
71382
71383
71384
71385
71388
71389
71390
71392
71393
71394
71396
71397
71398
71399
71400
71403
71404
71405
71406
71407
71408
71410
71411
71413
71414
71415
71416
71418
71421
71423
71424
71426
71427
71429
71430
71431
71432
71433
71436
71437
71438
71439
71440
71441
71442
71445
71446
71447
71448
71449
71450
71451
71453
71454
71455
71457
71459
71460
71461
71462
71464
71468
71469
71471
71474
71475
71476
71477
71479
71481
71484
71486
71488
71489
71490
71491
71492
71493
71495
71496
71497
71499
71500
71501
71502
71503
71504
71505
71506
71507
71508
71511
71512
71513
71514
71515
71516
71517
71519
71522
71523
71524
71525
71526
71528
71530
71534
71535
71537
71538
71539
71540
71541
71543
71544
71545
71553
71554
71555
71556
71557
71559
71561
71562
71563
71566
71569
71571
71573
71574
71575
71576
71578
71582
71584
71585
71586
71587
71589
71591
71594
71601
71603
71604
71607
71608
71609
71611
71612
71615
71616
71618
71619
71620
71621
71625
71626
71630
71631
71632
71635
71636
71637
71639
71640
71641
71642
71643
71644
71645
71646
71647
71651
71653
71654
71655
71658
71660
71661
71662
71664
71665
71666
71667
71668
71671
71672
71675
71676
71680
71681
71684
71690
71691
71692
71693
71694
71695
71696
71698
71699
71700
71703
71705
71706
71707
71708
71709
71711
71713
71714
71715
71716
71718
71719
71720
71721
71722
71723
71724
71725
71728
71729
71731
71732
71733
71734
71737
71739
71740
71742
71743
71744
71747
71751
71752
71753
71754
71755
71757
71758
71759
71763
71764
71766
71767
71768
71769
71770
71771
71777
71779
71780
71781
71782
71783
71784
71785
71787
71789
71794
71796
71799
71802
71803
71804
71806
71807
71808
71809
71810
71811
71815
71816
71817
71818
71819
71820
71821
71822
71823
71824
71825
71826
71827
71828
71833
71838
71839
71844
71849
71850
71851
71852
71856
71857
71858
71859
71860
71862
71864
71865
71866
71867
71868
71869
71871
71872
71874
71877
71880
71882
71884
71885
71886
71887
71888
71889
71890
71894
71896
71897
71898
71899
71900
71901
71905
71907
71908
71909
71911
71912
71918
71919
71921
71922
71923
71924
71927
71928
71929
71930
71931
71933
71936
71938
71939
71941
71943
71947
71949
71950
71954
71955
71956
71958
71959
71961
71964
71967
71968
71969
71970
71971
71972
71973
71974
71976
71977
71978
71979
71980
71982
71984
71988
71989
71990
71992
71993
71994
71997
71998
71999
72000
72003
72004
72005
72007
72012
72016
72017
72020
72021
72022
72024
72025
72027
72028
72031
72034
72036
72037
72038
72039
72040
72041
72042
72045
72046
72047
72048
72049
72050
72052
72054
72056
72057
72059
72060
72062
72064
72066
72068
72070
72072
72074
72075
72077
72078
72079
72084
72086
72087
72088
72093
72094
72096
72097
72098
72099
72100
72104
72106
72107
72108
72110
72112
72113
72115
72116
72117
72118
72119
72120
72121
72122
72123
72126
72127
72128
72129
72131
72132
72133
72134
72135
72137
72138
72142
72145
72147
72148
72152
72154
72155
72156
72160
72162
72164
72167
72169
72170
72171
72172
72173
72175
72176
72177
72179
72180
72181
72183
72188
72189
72190
72191
72192
72193
72195
72196
72197
72199
72200
72202
72204
72206
72207
72208
72209
72210
72211
72213
72214
72215
72216
72218
72219
72220
72223
72224
72225
72226
72230
72234
72237
72239
72242
72247
72248
72249
72252
72253
72254
72255
72258
72259
72260
72261
72264
72266
72267
72269
72270
72271
72273
72275
72276
72279
72281
72282
72284
72285
72287
72288
72290
72294
72295
72296
72298
72299
72300
72301
72303
72305
72306
72307
72309
72314
72315
72316
72317
72318
72319
72320
72321
72322
72323
72324
72325
72327
72329
72330
72333
72334
72335
72338
72341
72342
72344
72345
72346
72348
72349
72352
72353
72354
72355
72356
72358
72359
72360
72361
72363
72367
72368
72369
72370
72372
72373
72377
72379
72381
72382
72383
72384
72385
72387
72389
72390
72392
72393
72394
72395
72396
72397
72398
72399
72400
72403
72406
72407
72409
72410
72412
72413
72415
72417
72418
72420
72421
72422
72423
72424
72427
72428
72429
72431
72432
72433
72434
72436
72437
72438
72439
72442
72443
72445
72446
72447
72448
72449
72450
72451
72452
72454
72455
72456
72457
72458
72460
72461
72462
72463
72464
72466
72467
72468
72469
72470
72471
72473
72474
72476
72477
72478
72479
72480
72481
72482
72484
72485
72487
72491
72492
72493
72498
72499
72501
72502
72503
72504
72505
72506
72507
72510
72511
72512
72517
72520
72523
72524
72526
72529
72531
72532
72533
72534
72536
72537
72541
72544
72546
72547
72550
72551
72552
72553
72556
72557
72559
72561
72563
72565
72566
72567
72569
72572
72573
72576
72578
72579
72581
72582
72583
72584
72587
72588
72592
72594
72598
72599
72600
72601
72603
72604
72606
72608
72610
72611
72612
72614
72617
72618
72619
72620
72623
72625
72632
72633
72634
72637
72638
72639
72640
72646
72648
72651
72652
72653
72654
72656
72658
72661
72662
72663
72664
72665
72666
72668
72670
72672
72673
72676
72681
72682
72683
72685
72687
72688
72689
72691
72692
72693
72696
72698
72699
72700
72701
72702
72703
72705
72706
72707
72709
72710
72713
72714
72715
72716
72718
72720
72721
72722
72725
72727
72728
72731
72732
72734
72736
72738
72740
72741
72743
72744
72746
72747
72751
72752
72753
72755
72756
72757
72760
72761
72762
72763
72764
72765
72766
72769
72771
72772
72773
72774
72775
72776
72777
72778
72780
72781
72782
72783
72785
72786
72787
72788
72789
72791
72792
72793
72797
72798
72800
72802
72803
72805
72806
72807
72808
72810
72811
72812
72813
72815
72818
72820
72821
72822
72824
72826
72827
72828
72831
72832
72833
72835
72836
72837
72838
72839
72840
72841
72842
72844
72846
72847
72849
72853
72858
72860
72861
72862
72863
72865
72866
72869
72870
72873
72876
72878
72880
72882
72883
72884
72887
72890
72891
72893
72898
72899
72900
72901
72902
72905
72907
72908
72910
72911
72912
72915
72916
72917
72920
72921
72922
72923
72926
72930
72931
72932
72933
72938
72940
72941
72942
72943
72944
72945
72946
72948
72949
72951
72952
72955
72957
72958
72963
72964
72965
72968
72969
72972
72974
72975
72977
72978
72979
72980
72982
72983
72985
72986
72988
72990
72991
72992
72993
72994
72995
72996
72997
72998
72999
73000
73001
73003
73005
73006
73008
73011
73013
73014
73015
73018
73020
73021
73022
73023
73025
73026
73027
73029
73030
73031
73032
73033
73035
73037
73038
73039
73041
73042
73043
73044
73045
73046
73047
73049
73051
73053
73054
73055
73056
73058
73059
73060
73061
73062
73063
73064
73065
73066
73067
73068
73070
73072
73073
73076
73078
73079
73080
73085
73087
73089
73091
73094
73095
73097
73098
73099
73100
73101
73102
73104
73106
73109
73110
73111
73112
73113
73114
73115
73116
73119
73120
73124
73125
73126
73127
73128
73129
73130
73133
73136
73137
73139
73140
73141
73144
73146
73147
73148
73149
73152
73153
73154
73155
73156
73157
73158
73159
73160
73161
73162
73163
73165
73168
73169
73170
73172
73175
73176
73179
73180
73182
73183
73186
73187
73188
73189
73190
73191
73192
73193
73194
73196
73197
73200
73201
73203
73204
73206
73208
73211
73213
73214
73216
73218
73219
73220
73221
73222
73223
73224
73225
73226
73228
73230
73231
73232
73233
73234
73235
73236
73237
73238
73240
73241
73242
73243
73244
73245
73247
73248
73249
73251
73252
73254
73256
73259
73263
73266
73268
73269
73271
73272
73273
73274
73275
73276
73277
73278
73280
73281
73282
73284
73289
73290
73292
73293
73294
73295
73296
73299
73301
73302
73303
73304
73305
73307
73309
73311
73312
73313
73314
73315
73316
73317
73319
73321
73323
73324
73327
73329
73330
73332
73334
73335
73340
73342
73343
73348
73349
73350
73351
73352
73353
73355
73357
73359
73360
73363
73365
73366
73367
73368
73369
73370
73371
73373
73374
73377
73378
73379
73380
73381
73385
73388
73391
73392
73393
73394
73396
73397
73400
73401
73403
73404
73405
73406
73407
73408
73409
73412
73414
73415
73416
73417
73420
73421
73422
73424
73425
73427
73428
73429
73430
73431
73432
73433
73434
73435
73436
73437
73438
73439
73441
73442
73443
73444
73447
73448
73453
73454
73455
73456
73458
73459
73462
73465
73466
73467
73470
73471
73476
73479
73482
73483
73484
73486
73487
73489
73490
73493
73494
73495
73496
73497
73500
73501
73502
73503
73504
73506
73507
73509
73510
73511
73512
73514
73515
73517
73520
73521
73522
73523
73524
73525
73526
73527
73531
73532
73533
73534
73535
73536
73537
73539
73540
73541
73542
73543
73544
73545
73546
73547
73549
73550
73553
73556
73557
73558
73559
73560
73561
73562
73564
73567
73570
73572
73573
73574
73576
73578
73580
73581
73582
73583
73584
73585
73587
73591
73592
73595
73596
73598
73601
73602
73607
73608
73609
73610
73612
73613
73614
73615
73616
73618
73619
73620
73621
73622
73623
73625
73628
73629
73630
73634
73636
73639
73640
73641
73642
73643
73644
73646
73648
73650
73653
73654
73655
73656
73657
73659
73661
73663
73664
73665
73667
73668
73670
73671
73672
73674
73675
73677
73678
73680
73682
73683
73686
73687
73688
73689
73693
73698
73699
73700
73701
73703
73704
73705
73707
73709
73710
73711
73712
73713
73714
73715
73717
73719
73721
73722
73723
73726
73727
73728
73733
73734
73735
73738
73739
73741
73742
73743
73744
73747
73748
73751
73753
73754
73757
73758
73759
73760
73766
73767
73768
73769
73770
73772
73773
73774
73775
73777
73779
73780
73781
73783
73786
73787
73788
73790
73791
73792
73794
73795
73798
73800
73801
73805
73806
73809
73810
73811
73812
73813
73814
73817
73818
73819
73821
73822
73824
73825
73826
73827
73829
73830
73831
73832
73833
73838
73841
73842
73843
73845
73847
73848
73850
73852
73853
73855
73856
73857
73859
73860
73861
73862
73863
73864
73868
73869
73871
73872
73874
73875
73877
73878
73879
73883
73884
73885
73887
73890
73893
73894
73895
73896
73897
73900
73903
73904
73905
73907
73909
73911
73912
73913
73915
73916
73917
73919
73920
73921
73924
73925
73927
73928
73929
73931
73933
73934
73936
73937
73938
73940
73943
73944
73945
73946
73948
73949
73951
73952
73953
73955
73956
73958
73961
73962
73963
73964
73966
73967
73969
73972
73973
73974
73976
73977
73980
73982
73983
73986
73987
73988
73989
73990
73991
73992
73993
73996
73997
73998
73999
74000
74001
74003
74005
74006
74007
74008
74009
74010
74013
74016
74017
74018
74019
74022
74024
74025
74026
74028
74033
74034
74036
74041
74042
74043
74044
74045
74046
74048
74049
74051
74052
74054
74055
74058
74059
74062
74064
74065
74066
74067
74068
74069
74070
74072
74073
74075
74077
74079
74081
74082
74083
74084
74085
74088
74089
74091
74093
74094
74096
74099
74100
74102
74103
74104
74105
74106
74107
74108
74110
74112
74115
74116
74118
74119
74120
74121
74122
74123
74125
74127
74130
74132
74133
74134
74135
74137
74139
74141
74142
74143
74144
74145
74146
74147
74148
74149
74153
74154
74156
74157
74158
74159
74160
74161
74162
74163
74164
74165
74167
74168
74172
74173
74174
74176
74177
74179
74180
74184
74186
74187
74188
74190
74191
74192
74194
74197
74200
74201
74202
74203
74205
74206
74207
74208
74209
74210
74211
74212
74213
74214
74215
74216
74218
74219
74221
74222
74225
74226
74227
74228
74229
74230
74232
74235
74236
74237
74238
74240
74241
74242
74246
74247
74248
74249
74250
74251
74252
74253
74254
74255
74256
74260
74261
74262
74263
74264
74265
74266
74267
74269
74271
74273
74274
74279
74281
74283
74285
74286
74288
74291
74292
74293
74294
74296
74297
74298
74299
74300
74301
74302
74306
74307
74308
74309
74312
74313
74314
74315
74318
74319
74320
74321
74322
74323
74326
74327
74329
74331
74332
74333
74336
74337
74339
74340
74341
74342
74343
74347
74348
74349
74350
74351
74352
74354
74356
74358
74359
74360
74361
74362
74364
74365
74367
74368
74371
74372
74373
74376
74377
74379
74380
74384
74385
74386
74387
74388
74389
74390
74391
74392
74393
74395
74396
74398
74401
74404
74405
74406
74412
74413
74415
74417
74418
74420
74421
74422
74423
74424
74425
74426
74428
74432
74433
74435
74437
74438
74439
74440
74441
74442
74443
74444
74448
74451
74452
74453
74454
74456
74457
74459
74464
74465
74466
74467
74468
74469
74472
74474
74475
74478
74479
74480
74481
74482
74483
74485
74486
74489
74491
74493
74495
74496
74499
74500
74501
74502
74503
74505
74507
74509
74510
74511
74515
74517
74518
74520
74521
74523
74525
74526
74527
74531
74534
74535
74536
74538
74540
74542
74543
74546
74548
74550
74551
74552
74553
74556
74559
74560
74562
74563
74566
74568
74569
74571
74572
74573
74575
74577
74580
74581
74582
74583
74585
74586
74587
74589
74590
74592
74593
74594
74598
74599
74600
74601
74605
74607
74609
74611
74612
74614
74615
74617
74618
74619
74620
74621
74622
74624
74626
74627
74628
74630
74631
74632
74633
74634
74635
74636
74637
74638
74640
74641
74642
74643
74644
74646
74647
74648
74651
74652
74653
74654
74655
74658
74659
74661
74662
74664
74665
74666
74668
74670
74672
74673
74674
74677
74678
74679
74680
74681
74685
74686
74687
74688
74689
74690
74691
74692
74694
74696
74698
74702
74703
74704
74705
74706
74707
74708
74709
74710
74712
74717
74720
74722
74723
74724
74725
74726
74730
74731
74732
74733
74734
74735
74736
74737
74738
74740
74741
74743
74745
74746
74748
74749
74750
74753
74754
74755
74757
74758
74759
74763
74765
74772
74773
74775
74776
74777
74778
74780
74781
74782
74783
74784
74785
74786
74788
74790
74791
74794
74795
74796
74797
74798
74799
74800
74801
74802
74803
74804
74805
74807
74808
74810
74811
74813
74814
74815
74816
74817
74819
74822
74823
74825
74827
74828
74829
74830
74831
74833
74834
74837
74838
74839
74840
74841
74843
74844
74845
74847
74848
74850
74851
74852
74853
74855
74857
74858
74860
74861
74863
74864
74865
74867
74868
74869
74870
74872
74874
74879
74881
74885
74886
74887
74889
74892
74893
74898
74899
74900
74901
74903
74904
74906
74909
74910
74911
74913
74914
74916
74919
74921
74922
74925
74927
74930
74931
74933
74935
74936
74938
74940
74941
74945
74946
74947
74948
74950
74951
74953
74955
74956
74957
74958
74959
74960
74961
74963
74964
74965
74968
74970
74971
74975
74976
74977
74978
74980
74981
74982
74983
74985
74986
74987
74990
74991
74992
74994
74995
74996
74997
74999
75000
75001
75002
75005
75006
75008
75010
75012
75016
75017
75018
75019
75021
75023
75024
75025
75026
75027
75030
75031
75034
75036
75037
75038
75040
75041
75044
75047
75049
75050
75051
75052
75053
75055
75056
75057
75059
75060
75061
75064
75066
75067
75068
75070
75071
75072
75077
75078
75079
75080
75081
75082
75083
75085
75088
75089
75093
75095
75097
75098
75099
75100
75101
75103
75104
75106
75107
75108
75112
75116
75117
75118
75119
75121
75122
75124
75125
75126
75127
75128
75130
75132
75136
75137
75138
75139
75142
75144
75145
75146
75147
75149
75153
75155
75157
75158
75159
75160
75161
75162
75163
75165
75167
75168
75169
75170
75171
75172
75174
75176
75179
75180
75183
75184
75186
75187
75189
75192
75193
75194
75195
75196
75197
75199
75200
75202
75203
75205
75206
75207
75209
75211
75212
75213
75214
75216
75218
75219
75221
75224
75226
75227
75228
75229
75230
75232
75234
75236
75237
75238
75239
75240
75241
75242
75247
75248
75249
75250
75252
75253
75254
75255
75257
75259
75260
75262
75263
75265
75267
75268
75269
75270
75271
75272
75273
75274
75277
75278
75280
75281
75282
75283
75284
75285
75286
75287
75288
75289
75291
75293
75294
75296
75297
75298
75299
75301
75302
75303
75305
75307
75309
75310
75312
75313
75315
75316
75319
75320
75321
75322
75323
75325
75326
75331
75335
75337
75338
75339
75340
75341
75342
75343
75344
75345
75346
75348
75350
75351
75352
75354
75355
75356
75358
75359
75360
75361
75363
75366
75368
75369
75370
75371
75372
75375
75376
75377
75378
75381
75382
75387
75389
75391
75392
75393
75394
75398
75399
75400
75401
75402
75406
75407
75409
75410
75411
75412
75413
75415
75416
75417
75418
75419
75425
75426
75427
75432
75433
75435
75437
75440
75441
75442
75446
75447
75448
75450
75451
75452
75453
75454
75455
75457
75458
75459
75460
75461
75462
75464
75466
75467
75468
75469
75470
75473
75474
75476
75477
75479
75483
75487
75488
75490
75491
75492
75494
75496
75497
75498
75499
75500
75501
75502
75503
75508
75509
75510
75511
75512
75513
75517
75520
75522
75523
75524
75525
75526
75529
75531
75533
75535
75537
75538
75539
75541
75542
75543
75544
75545
75547
75548
75550
75551
75552
75553
75555
75556
75557
75558
75559
75560
75563
75564
75566
75567
75568
75570
75571
75572
75573
75574
75575
75577
75578
75579
75581
75582
75583
75584
75585
75586
75587
75593
75594
75596
75597
75599
75600
75601
75602
75603
75605
75606
75607
75609
75610
75611
75614
75615
75618
75619
75621
75622
75623
75624
75625
75626
75627
75628
75629
75630
75631
75632
75634
75636
75637
75638
75641
75642
75643
75644
75645
75646
75648
75649
75650
75651
75652
75654
75655
75656
75658
75659
75662
75663
75667
75668
75669
75670
75672
75673
75676
75677
75679
75680
75681
75682
75683
75687
75689
75690
75691
75692
75694
75695
75697
75701
75702
75705
75706
75707
75709
75710
75711
75712
75713
75714
75719
75720
75721
75722
75723
75725
75726
75727
75728
75729
75730
75732
75733
75735
75737
75738
75742
75743
75744
75745
75747
75748
75749
75750
75751
75752
75754
75755
75756
75757
75758
75760
75761
75763
75766
75767
75768
75769
75770
75772
75776
75777
75779
75780
75781
75782
75783
75784
75785
75786
75787
75789
75790
75791
75795
75800
75801
75803
75804
75805
75807
75809
75812
75814
75815
75816
75817
75818
75819
75820
75821
75822
75823
75825
75827
75830
75831
75832
75833
75836
75837
75840
75842
75843
75844
75846
75847
75848
75849
75850
75851
75852
75853
75854
75855
75856
75858
75859
75861
75863
75865
75866
75867
75868
75871
75872
75873
75874
75878
75881
75883
75884
75885
75887
75888
75889
75891
75893
75894
75895
75896
75897
75898
75899
75902
75907
75910
75912
75914
75921
75923
75924
75925
75927
75928
75930
75931
75932
75934
75935
75936
75937
75939
75940
75941
75942
75943
75944
75946
75947
75949
75950
75951
75952
75953
75954
75956
75957
75958
75959
75960
75961
75962
75963
75966
75967
75968
75970
75971
75972
75973
75974
75975
75976
75977
75978
75980
75981
75983
75988
75991
75993
75994
75995
75998
75999
76000
76001
76002
76003
76004
76005
76006
76008
76009
76011
76012
76013
76016
76018
76019
76020
76021
76023
76024
76025
76027
76029
76030
76031
76036
76037
76038
76039
76040
76041
76042
76045
76047
76048
76049
76051
76052
76054
76058
76059
76060
76061
76062
76064
76065
76066
76070
76071
76072
76074
76076
76078
76082
76083
76084
76087
76092
76093
76095
76097
76098
76101
76102
76103
76104
76106
76107
76108
76110
76112
76113
76117
76118
76120
76121
76122
76127
76133
76134
76138
76140
76142
76143
76144
76146
76147
76148
76149
76150
76151
76152
76155
76156
76158
76161
76162
76163
76164
76165
76167
76168
76171
76172
76173
76174
76177
76178
76179
76181
76182
76184
76185
76188
76189
76190
76191
76193
76194
76195
76197
76198
76199
76201
76202
76203
76205
76206
76207
76208
76210
76211
76212
76215
76216
76217
76219
76220
76221
76222
76223
76227
76228
76229
76230
76234
76236
76237
76238
76239
76240
76241
76242
76243
76245
76246
76247
76248
76249
76250
76251
76252
76254
76255
76256
76257
76259
76260
76263
76264
76266
76268
76270
76273
76274
76277
76278
76279
76280
76281
76283
76284
76285
76286
76288
76289
76290
76294
76295
76298
76302
76304
76305
76307
76308
76309
76310
76312
76315
76318
76320
76325
76326
76328
76331
76333
76334
76335
76336
76338
76339
76342
76343
76345
76346
76347
76351
76355
76361
76362
76365
76366
76367
76368
76369
76370
76372
76373
76375
76377
76378
76380
76382
76383
76386
76387
76390
76391
76392
76394
76395
76396
76399
76400
76402
76403
76405
76407
76409
76410
76411
76412
76413
76419
76420
76422
76423
76425
76426
76427
76428
76429
76431
76432
76433
76435
76436
76437
76438
76440
76441
76442
76443
76444
76445
76447
76451
76454
76457
76459
76461
76462
76463
76464
76466
76468
76470
76471
76472
76473
76474
76476
76477
76478
76480
76481
76482
76484
76485
76487
76488
76489
76493
76494
76495
76496
76497
76500
76501
76503
76507
76510
76513
76514
76516
76517
76518
76520
76522
76525
76526
76528
76529
76532
76534
76535
76536
76537
76538
76539
76541
76542
76543
76546
76547
76548
76549
76550
76551
76552
76553
76554
76557
76558
76561
76568
76570
76572
76573
76576
76577
76578
76579
76580
76581
76582
76586
76588
76589
76592
76593
76596
76597
76601
76604
76605
76606
76607
76608
76609
76610
76611
76612
76613
76614
76616
76618
76619
76620
76621
76622
76623
76624
76626
76629
76630
76632
76633
76634
76635
76637
76638
76639
76640
76641
76642
76644
76648
76649
76651
76655
76656
76657
76659
76660
76661
76662
76663
76666
76669
76670
76671
76672
76673
76674
76676
76680
76681
76682
76683
76684
76689
76693
76694
76695
76696
76699
76700
76702
76703
76706
76707
76708
76712
76713
76715
76716
76718
76720
76722
76723
76725
76728
76729
76731
76732
76733
76734
76736
76737
76740
76742
76743
76745
76746
76749
76750
76751
76753
76755
76756
76757
76759
76760
76763
76765
76766
76767
76768
76769
76770
76773
76774
76776
76777
76778
76779
76781
76782
76783
76787
76788
76790
76791
76792
76794
76795
76798
76799
76800
76802
76803
76804
76805
76806
76807
76809
76810
76813
76814
76816
76818
76819
76821
76824
76825
76826
76828
76829
76831
76832
76833
76836
76837
76838
76839
76842
76845
76846
76849
76851
76855
76856
76857
76858
76859
76861
76864
76865
76866
76869
76870
76874
76875
76878
76879
76880
76881
76882
76883
76885
76886
76888
76889
76892
76893
76895
76897
76898
76899
76901
76902
76904
76909
76910
76911
76913
76915
76917
76918
76921
76924
76925
76926
76928
76929
76932
76933
76935
76936
76937
76938
76940
76942
76945
76946
76947
76948
76949
76950
76951
76952
76953
76955
76956
76957
76959
76961
76962
76963
76964
76967
76968
76969
76970
76971
76975
76977
76978
76982
76983
76984
76986
76988
76989
76991
76992
76993
76994
76997
76998
77001
77003
77004
77005
77006
77007
77008
77009
77014
77015
77017
77018
77019
77021
77023
77025
77026
77027
77028
77031
77035
77037
77040
77041
77042
77043
77047
77048
77049
77054
77055
77056
77061
77062
77065
77066
77070
77071
77072
77073
77074
77076
77078
77080
77081
77083
77087
77090
77092
77094
77095
77096
77097
77098
77102
77103
77106
77112
77113
77115
77117
77118
77120
77121
77122
77123
77124
77127
77128
77131
77134
77138
77139
77141
77142
77145
77146
77148
77149
77150
77151
77152
77156
77158
77159
77160
77164
77167
77170
77172
77175
77176
77177
77178
77179
77180
77181
77182
77184
77185
77186
77187
77190
77191
77192
77193
77195
77196
77198
77200
77202
77203
77204
77206
77207
77209
77210
77211
77212
77217
77218
77219
77220
77221
77222
77223
77225
77228
77232
77233
77234
77237
77238
77239
77240
77241
77244
77246
77247
77250
77254
77259
77261
77263
77265
77266
77267
77270
77273
77274
77275
77276
77277
77278
77279
77280
77281
77282
77283
77285
77287
77288
77290
77291
77293
77294
77295
77296
77297
77298
77299
77301
77302
77304
77305
77307
77309
77310
77311
77312
77314
77315
77316
77317
77318
77320
77323
77324
77325
77327
77329
77331
77332
77333
77334
77336
77338
77339
77342
77343
77345
77346
77347
77348
77349
77351
77352
77354
77356
77358
77359
77360
77363
77366
77367
77369
77370
77371
77372
77373
77374
77375
77377
77378
77379
77382
77386
77387
77388
77389
77393
77396
77397
77398
77400
77401
77405
77407
77409
77413
77415
77416
77417
77419
77420
77421
77422
77423
77424
77425
77426
77427
77428
77429
77431
77435
77436
77437
77438
77439
77441
77444
77445
77448
77449
77455
77458
77459
77461
77462
77464
77465
77467
77468
77469
77470
77471
77472
77473
77475
77478
77479
77481
77482
77485
77486
77487
77491
77493
77495
77496
77498
77499
77501
77502
77503
77504
77506
77507
77509
77511
77512
77513
77514
77517
77518
77520
77522
77523
77526
77527
77528
77529
77530
77531
77532
77534
77535
77536
77539
77540
77541
77542
77544
77547
77549
77550
77552
77553
77554
77555
77556
77558
77559
77561
77563
77565
77567
77569
77570
77572
77574
77579
77580
77581
77583
77584
77585
77586
77588
77589
77590
77596
77597
77598
77599
77601
77603
77604
77605
77606
77607
77608
77609
77610
77613
77614
77615
77620
77621
77622
77623
77624
77625
77626
77627
77630
77631
77633
77634
77635
77641
77645
77647
77648
77650
77651
77652
77653
77655
77656
77658
77660
77661
77662
77663
77664
77666
77667
77668
77669
77670
77671
77672
77674
77675
77676
77678
77679
77680
77681
77682
77683
77684
77686
77687
77688
77692
77694
77696
77697
77698
77700
77701
77702
77703
77706
77707
77708
77710
77711
77713
77716
77718
77719
77721
77723
77724
77726
77727
77728
77729
77731
77732
77733
77735
77736
77737
77740
77742
77743
77744
77745
77747
77748
77750
77751
77752
77753
77754
77756
77757
77759
77760
77761
77762
77763
77764
77766
77768
77770
77773
77774
77775
77776
77777
77778
77784
77786
77791
77793
77801
77804
77806
77807
77808
77810
77811
77812
77815
77816
77817
77819
77822
77823
77824
77825
77827
77828
77829
77830
77831
77832
77836
77838
77840
77841
77842
77843
77845
77847
77848
77850
77851
77853
77854
77855
77856
77857
77861
77862
77864
77865
77866
77868
77869
77872
77874
77875
77876
77877
77878
77879
77880
77883
77886
77889
77891
77893
77894
77895
77896
77897
77898
77900
77902
77904
77906
77910
77911
77913
77914
77915
77916
77917
77918
77919
77920
77922
77923
77925
77928
77929
77930
77931
77932
77933
77935
77937
77940
77945
77946
77947
77948
77951
77952
77953
77954
77956
77957
77958
77959
77960
77961
77963
77964
77965
77966
77968
77969
77971
77972
77977
77978
77979
77982
77985
77988
77989
77990
77992
77993
77994
77996
77997
77998
77999
78000
78001
78003
78005
78007
78009
78010
78011
78012
78013
78014
78016
78017
78018
78020
78021
78022
78023
78025
78026
78027
78028
78029
78030
78033
78038
78042
78044
78045
78046
78048
78049
78051
78052
78053
78054
78055
78057
78059
78060
78062
78064
78065
78066
78067
78070
78071
78073
78074
78076
78077
78079
78080
78081
78082
78083
78084
78085
78086
78087
78089
78090
78091
78092
78093
78095
78098
78099
78100
78101
78102
78105
78106
78107
78108
78109
78111
78113
78114
78115
78118
78120
78121
78124
78126
78127
78128
78129
78130
78132
78133
78134
78135
78139
78140
78141
78143
78144
78145
78147
78148
78151
78152
78153
78154
78155
78156
78157
78159
78160
78163
78166
78168
78170
78171
78172
78173
78175
78177
78179
78181
78182
78183
78185
78186
78189
78190
78192
78194
78195
78197
78198
78200
78204
78205
78206
78207
78208
78210
78211
78214
78215
78216
78219
78220
78221
78224
78225
78226
78227
78228
78229
78231
78232
78234
78235
78236
78237
78239
78243
78244
78245
78248
78249
78250
78251
78252
78254
78255
78258
78259
78260
78261
78264
78265
78267
78269
78270
78271
78272
78273
78274
78277
78278
78281
78282
78283
78285
78286
78288
78289
78290
78291
78292
78293
78295
78296
78297
78300
78301
78302
78304
78305
78306
78307
78309
78310
78311
78312
78313
78315
78316
78318
78319
78320
78321
78322
78324
78327
78328
78330
78333
78334
78336
78337
78338
78339
78345
78346
78347
78348
78349
78350
78351
78352
78353
78354
78356
78357
78359
78360
78365
78366
78367
78368
78369
78370
78373
78374
78375
78377
78381
78382
78383
78385
78387
78390
78391
78392
78394
78395
78396
78397
78399
78400
78401
78408
78409
78410
78412
78413
78414
78415
78416
78417
78418
78420
78421
78422
78423
78425
78426
78427
78428
78429
78432
78433
78434
78435
78436
78437
78438
78440
78446
78447
78450
78451
78453
78454
78455
78458
78459
78461
78462
78463
78466
78467
78468
78470
78471
78472
78473
78475
78476
78477
78479
78480
78481
78482
78483
78486
78489
78490
78491
78492
78494
78495
78497
78498
78500
78501
78502
78503
78504
78505
78506
78511
78512
78515
78516
78519
78520
78522
78523
78524
78527
78528
78532
78533
78534
78535
78537
78539
78540
78541
78542
78547
78548
78549
78554
78555
78557
78558
78559
78561
78563
78564
78566
78567
78569
78570
78573
78575
78576
78579
78581
78582
78586
78587
78588
78590
78591
78595
78596
78598
78599
78601
78602
78603
78604
78605
78606
78607
78609
78612
78613
78614
78615
78617
78618
78620
78622
78623
78624
78625
78627
78629
78630
78632
78633
78634
78635
78636
78637
78638
78641
78642
78643
78644
78646
78650
78658
78659
78660
78661
78662
78663
78664
78665
78666
78667
78668
78669
78670
78672
78673
78674
78677
78678
78680
78681
78685
78689
78690
78691
78692
78693
78694
78695
78696
78697
78698
78699
78700
78702
78704
78706
78708
78709
78710
78711
78712
78713
78714
78715
78716
78718
78719
78721
78722
78724
78726
78727
78728
78729
78730
78731
78733
78735
78736
78737
78738
78739
78740
78741
78742
78743
78744
78745
78749
78751
78752
78754
78757
78758
78759
78760
78761
78762
78763
78764
78765
78766
78768
78769
78770
78771
78772
78775
78776
78779
78780
78781
78783
78784
78785
78786
78787
78788
78789
78791
78792
78793
78794
78797
78798
78800
78802
78803
78804
78806
78808
78809
78811
78813
78814
78816
78817
78818
78822
78824
78826
78827
78829
78830
78831
78834
78835
78840
78842
78844
78845
78847
78849
78850
78851
78852
78853
78855
78856
78857
78858
78859
78860
78861
78862
78863
78865
78867
78868
78869
78871
78872
78873
78877
78879
78881
78882
78884
78885
78886
78887
78889
78890
78891
78892
78893
78894
78895
78897
78898
78900
78901
78903
78905
78906
78911
78913
78915
78916
78918
78921
78922
78923
78925
78926
78928
78930
78931
78933
78935
78936
78937
78938
78940
78944
78945
78946
78947
78949
78952
78953
78954
78955
78956
78957
78958
78959
78964
78965
78966
78967
78968
78972
78974
78975
78976
78977
78979
78981
78982
78983
78985
78986
78987
78988
78990
78993
78994
78995
78996
78997
78999
79002
79003
79004
79005
79006
79007
79008
79009
79010
79011
79012
79013
79014
79015
79017
79020
79022
79025
79027
79028
79029
79030
79031
79032
79033
79034
79035
79036
79038
79040
79042
79043
79045
79046
79047
79049
79051
79053
79054
79055
79056
79057
79058
79059
79060
79061
79062
79064
79066
79067
79068
79069
79073
79074
79076
79077
79079
79080
79081
79083
79084
79086
79087
79090
79096
79097
79099
79100
79101
79103
79104
79105
79107
79109
79111
79112
79113
79114
79116
79118
79119
79122
79123
79128
79129
79130
79132
79133
79137
79139
79141
79145
79146
79147
79149
79154
79155
79158
79159
79160
79161
79162
79165
79166
79168
79169
79170
79171
79172
79173
79174
79175
79177
79179
79182
79183
79184
79185
79186
79187
79188
79191
79195
79196
79198
79199
79200
79202
79203
79204
79205
79206
79208
79210
79219
79220
79221
79222
79223
79224
79226
79227
79228
79229
79230
79232
79233
79234
79235
79236
79237
79238
79240
79241
79242
79243
79244
79247
79248
79249
79250
79251
79252
79254
79256
79259
79261
79262
79264
79265
79266
79267
79270
79271
79272
79273
79274
79275
79276
79277
79278
79279
79280
79281
79282
79283
79284
79285
79286
79289
79290
79292
79293
79295
79296
79297
79299
79300
79301
79302
79303
79308
79310
79311
79312
79313
79314
79315
79318
79319
79320
79321
79322
79323
79324
79325
79326
79327
79328
79331
79332
79334
79336
79338
79339
79340
79344
79345
79347
79349
79350
79351
79352
79353
79355
79356
79357
79359
79360
79365
79366
79368
79369
79371
79372
79374
79375
79377
79378
79380
79382
79384
79386
79387
79388
79391
79392
79393
79394
79396
79397
79398
79399
79400
79401
79402
79405
79407
79408
79409
79410
79411
79412
79414
79415
79417
79420
79421
79422
79423
79424
79425
79426
79427
79428
79429
79430
79433
79434
79435
79439
79440
79445
79448
79449
79450
79452
79455
79456
79457
79458
79460
79464
79465
79466
79467
79473
79476
79477
79478
79479
79482
79483
79485
79488
79489
79493
79494
79495
79496
79498
79499
79500
79501
79502
79504
79507
79508
79510
79511
79512
79514
79515
79516
79517
79518
79519
79520
79521
79523
79524
79526
79527
79529
79530
79531
79534
79535
79537
79538
79540
79541
79544
79546
79547
79548
79550
79552
79555
79556
79559
79561
79562
79564
79565
79566
79567
79568
79569
79570
79571
79572
79573
79574
79575
79576
79578
79579
79580
79581
79583
79585
79586
79587
79588
79589
79592
79595
79596
79597
79599
79601
79602
79604
79606
79609
79611
79612
79613
79615
79616
79617
79618
79621
79623
79625
79626
79627
79628
79633
79634
79635
79636
79637
79639
79640
79642
79643
79644
79645
79647
79648
79649
79651
79652
79653
79654
79655
79657
79658
79660
79662
79663
79666
79667
79668
79669
79670
79671
79674
79675
79676
79680
79683
79685
79687
79688
79690
79691
79692
79693
79694
79695
79696
79697
79698
79699
79702
79704
79705
79706
79708
79709
79710
79711
79714
79717
79718
79719
79720
79722
79724
79725
79726
79727
79729
79730
79731
79732
79734
79736
79739
79742
79743
79745
79746
79748
79749
79752
79755
79757
79759
79761
79762
79763
79764
79767
79768
79769
79770
79772
79773
79774
79775
79776
79777
79778
79781
79782
79783
79784
79786
79789
79791
79795
79796
79797
79798
79799
79801
79803
79804
79805
79807
79808
79810
79811
79812
79814
79816
79817
79819
79820
79821
79822
79823
79826
79829
79830
79832
79833
79835
79837
79838
79839
79840
79843
79844
79845
79846
79848
79850
79851
79852
79853
79855
79857
79858
79859
79861
79862
79865
79866
79867
79868
79869
79873
79874
79875
79876
79880
79882
79890
79892
79893
79895
79896
79897
79900
79901
79903
79906
79907
79909
79911
79913
79914
79916
79918
79919
79921
79922
79923
79924
79925
79926
79927
79929
79930
79931
79932
