79933
79935
79936
79937
79941
79942
79943
79944
79945
79946
79947
79948
79949
79950
79952
79957
79961
79963
79964
79965
79966
79967
79968
79970
79974
79977
79978
79980
79981
79984
79985
79986
79987
79988
79989
79990
79995
79996
79998
80001
80003
80006
80008
80010
80011
80012
80013
80015
80016
80017
80018
80019
80020
80021
80022
80023
80024
80028
80029
80030
80031
80033
80034
80037
80040
80043
80045
80046
80047
80049
80050
80051
80052
80055
80056
80057
80059
80060
80064
80065
80068
80070
80071
80074
80075
80076
80078
80079
80082
80084
80085
80086
80088
80091
80092
80093
80094
80095
80097
80098
80100
80101
80102
80104
80106
80108
80109
80110
80111
80113
80114
80115
80117
80118
80120
80122
80123
80124
80126
80127
80128
80135
80137
80138
80143
80144
80146
80147
80148
80149
80150
80152
80154
80155
80156
80157
80158
80159
80160
80161
80162
80164
80165
80166
80167
80168
80169
80171
80172
80174
80176
80179
80180
80181
80182
80184
80185
80186
80188
80189
80191
80192
80193
80194
80195
80196
80197
80199
80201
80202
80203
80204
80208
80209
80210
80213
80215
80217
80219
80220
80221
80222
80223
80226
80228
80229
80230
80231
80232
80233
80234
80237
80238
80239
80240
80241
80242
80244
80245
80246
80247
80248
80249
80250
80252
80257
80260
80261
80262
80263
80265
80266
80267
80270
80273
80277
80278
80280
80281
80282
80283
80285
80286
80288
80291
80294
80296
80299
80300
80301
80302
80303
80304
80307
80308
80309
80310
80311
80312
80313
80315
80316
80317
80320
80321
80323
80324
80325
80326
80327
80329
80331
80332
80334
80337
80338
80340
80341
80342
80345
80347
80348
80349
80350
80353
80354
80355
80356
80357
80358
80361
80362
80365
80366
80368
80369
80370
80372
80373
80376
80377
80378
80379
80380
80381
80382
80384
80386
80387
80388
80390
80391
80392
80393
80394
80395
80398
80399
80400
80401
80403
80405
80408
80411
80412
80413
80416
80417
80418
80420
80422
80423
80425
80427
80429
80432
80434
80435
80436
80438
80440
80441
80442
80443
80445
80448
80449
80450
80451
80452
80455
80456
80457
80458
80461
80463
80466
80469
80472
80476
80477
80478
80479
80480
80481
80482
80484
80485
80487
80488
80489
80491
80492
80496
80498
80499
80500
80502
80503
80504
80505
80506
80508
80509
80510
80511
80513
80514
80516
80517
80518
80519
80521
80522
80524
80526
80529
80531
80532
80533
80534
80535
80537
80539
80542
80543
80544
80545
80546
80547
80549
80551
80554
80555
80556
80557
80558
80559
80560
80561
80562
80563
80565
80568
80569
80570
80571
80572
80575
80576
80577
80579
80580
80581
80582
80585
80586
80588
80589
80590
80591
80594
80595
80596
80598
80601
80602
80603
80605
80607
80608
80610
80611
80613
80615
80616
80619
80621
80624
80625
80626
80627
80629
80630
80631
80632
80633
80634
80635
80636
80637
80638
80640
80641
80643
80647
80650
80651
80652
80653
80654
80655
80656
80657
80659
80660
80661
80662
80663
80665
80666
80667
80669
80670
80671
80672
80674
80675
80677
80679
80680
80682
80684
80685
80686
80687
80688
80690
80691
80692
80694
80696
80697
80699
80701
80702
80703
80705
80707
80710
80711
80712
80713
80714
80715
80716
80717
80720
80723
80726
80733
80735
80737
80740
80741
80742
80745
80746
80747
80750
80752
80754
80755
80756
80757
80758
80760
80761
80762
80763
80764
80765
80766
80768
80769
80771
80772
80773
80774
80777
80778
80779
80781
80783
80784
80786
80788
80789
80790
80792
80794
80796
80798
80799
80800
80801
80804
80805
80806
80809
80810
80811
80812
80814
80815
80817
80819
80821
80822
80825
80827
80828
80829
80833
80835
80837
80841
80842
80844
80845
80846
80847
80849
80850
80853
80855
80857
80858
80861
80865
80867
80868
80873
80874
80875
80876
80877
80879
80880
80881
80882
80883
80884
80886
80889
80890
80892
80895
80896
80897
80898
80899
80902
80903
80905
80907
80908
80911
80913
80914
80916
80918
80920
80921
80922
80923
80924
80925
80926
80927
80928
80929
80930
80931
80932
80933
80936
80937
80942
80944
80945
80948
80949
80950
80951
80952
80953
80954
80955
80957
80958
80960
80961
80963
80964
80965
80966
80967
80969
80971
80973
80974
80975
80976
80978
80979
80982
80983
80984
80985
80987
80988
80990
80991
80992
80993
80994
80997
80999
81000
81002
81004
81005
81006
81007
81008
81010
81012
81013
81014
81015
81016
81017
81021
81022
81023
81025
81030
81033
81034
81035
81036
81039
81040
81046
81047
81051
81052
81053
81054
81056
81057
81059
81062
81063
81064
81068
81070
81072
81073
81075
81076
81078
81079
81080
81081
81082
81083
81084
81085
81086
81088
81091
81092
81093
81097
81098
81101
81104
81107
81110
81111
81112
81114
81116
81117
81118
81119
81120
81121
81124
81125
81127
81129
81130
81134
81136
81137
81140
81141
81142
81143
81144
81145
81146
81151
81153
81155
81157
81158
81159
81160
81164
81165
81166
81167
81169
81170
81172
81173
81174
81175
81176
81177
81178
81179
81180
81181
81182
81185
81186
81187
81188
81189
81190
81191
81192
81193
81194
81195
81198
81199
81200
81201
81202
81203
81204
81206
81207
81209
81211
81213
81214
81216
81217
81218
81222
81223
81225
81226
81230
81232
81235
81236
81238
81239
81240
81244
81246
81247
81248
81249
81250
81251
81256
81257
81258
81259
81260
81261
81262
81265
81267
81268
81269
81271
81272
81274
81275
81276
81277
81278
81279
81280
81282
81283
81285
81288
81289
81290
81293
81294
81298
81300
81302
81303
81304
81305
81306
81310
81312
81313
81316
81319
81321
81322
81323
81324
81325
81327
81328
81329
81331
81332
81333
81334
81336
81340
81341
81342
81343
81344
81345
81346
81347
81348
81349
81350
81352
81353
81354
81356
81357
81358
81359
81360
81362
81364
81365
81367
81371
81372
81373
81374
81375
81376
81377
81378
81379
81381
81383
81385
81386
81387
81388
81392
81393
81394
81395
81397
81398
81400
81401
81402
81404
81405
81407
81408
81410
81411
81412
81413
81414
81416
81417
81418
81420
81423
81425
81427
81430
81435
81436
81438
81440
81441
81442
81443
81446
81448
81449
81450
81453
81457
81458
81465
81466
81467
81469
81470
81472
81474
81476
81477
81478
81479
81483
81484
81485
81488
81489
81490
81493
81496
81497
81500
81501
81502
81504
81507
81510
81511
81513
81515
81517
81518
81519
81520
81521
81524
81525
81526
81528
81529
81530
81532
81533
81534
81535
81537
81538
81539
81540
81544
81545
81546
81547
81548
81549
81550
81552
81553
81555
81556
81557
81558
81559
81562
81563
81564
81566
81568
81569
81572
81575
81576
81577
81579
81580
81582
81583
81585
81586
81587
81588
81590
81591
81593
81594
81595
81596
81597
81600
81601
81602
81603
81604
81606
81607
81609
81610
81611
81612
81613
81614
81615
81617
81618
81619
81621
81622
81623
81625
81626
81627
81629
81630
81631
81632
81633
81635
81638
81639
81641
81642
81644
81646
81647
81648
81653
81654
81655
81659
81660
81661
81662
81665
81667
81668
81669
81671
81673
81674
81676
81677
81678
81679
81680
81681
81683
81684
81685
81686
81690
81694
81696
81697
81698
81699
81700
81702
81703
81704
81705
81706
81708
81709
81710
81711
81712
81714
81715
81716
81717
81723
81724
81726
81727
81728
81732
81735
81736
81738
81739
81740
81741
81744
81747
81749
81752
81753
81754
81755
81756
81757
81758
81759
81761
81762
81764
81765
81767
81769
81771
81772
81774
81775
81776
81777
81781
81782
81783
81784
81786
81791
81792
81793
81794
81796
81797
81799
81801
81802
81806
81807
81810
81812
81814
81815
81818
81822
81823
81824
81825
81828
81830
81831
81832
81833
81834
81835
81836
81837
81838
81839
81841
81843
81844
81845
81846
81849
81850
81853
81854
81855
81856
81858
81859
81860
81861
81864
81866
81867
81868
81869
81871
81872
81873
81874
81877
81878
81879
81880
81881
81882
81883
81885
81886
81887
81888
81889
81891
81894
81897
81898
81901
81902
81903
81905
81908
81909
81910
81911
81912
81913
81915
81916
81917
81918
81919
81921
81922
81925
81927
81932
81933
81939
81940
81941
81942
81943
81945
81946
81947
81948
81951
81952
81953
81954
81956
81957
81958
81959
81961
81962
81963
81964
81965
81966
81967
81968
81969
81970
81971
81972
81974
81975
81976
81977
81978
81980
81982
81983
81984
81986
81987
81988
81990
81991
81992
81993
81994
81996
82002
82003
82005
82007
82008
82010
82011
82013
82014
82015
82017
82018
82019
82020
82021
82029
82031
82033
82034
82035
82037
82039
82040
82042
82043
82046
82047
82048
82051
82052
82053
82054
82055
82056
82057
82059
82060
82061
82062
82064
82067
82068
82069
82070
82071
82075
82076
82078
82079
82080
82082
82083
82084
82086
82087
82088
82089
82090
82091
82092
82093
82094
82097
82098
82099
82100
82102
82104
82105
82106
82107
82108
82111
82113
82115
82120
82121
82123
82127
82128
82129
82130
82131
82132
82133
82135
82136
82138
82139
82140
82141
82142
82143
82144
82145
82146
82147
82148
82149
82150
82151
82153
82156
82159
82160
82161
82164
82167
82168
82169
82170
82171
82172
82173
82177
82178
82179
82182
82184
82185
82186
82188
82189
82192
82196
82198
82199
82201
82202
82203
82205
82207
82209
82210
82211
82212
82213
82214
82215
82216
82217
82218
82219
82220
82221
82223
82224
82225
82229
82233
82235
82236
82238
82239
82240
82242
82244
82248
82250
82255
82257
82258
82262
82266
82267
82268
82269
82270
82271
82272
82273
82275
82277
82278
82280
82281
82283
82284
82286
82287
82288
82292
82293
82295
82296
82299
82300
82301
82302
82303
82304
82305
82306
82307
82310
82311
82312
82313
82316
82317
82318
82319
82320
82321
82323
82325
82326
82327
82328
82329
82330
82331
82332
82333
82334
82335
82337
82340
82341
82343
82344
82347
82348
82349
82350
82351
82354
82355
82356
82358
82359
82361
82362
82363
82366
82370
82371
82372
82373
82376
82379
82380
82381
82382
82386
82389
82391
82392
82393
82394
82395
82398
82399
82401
82402
82404
82406
82407
82408
82409
82411
82412
82413
82414
82416
82417
82418
82419
82420
82421
82423
82424
82425
82426
82429
82430
82432
82433
82434
82435
82436
82437
82439
82440
82441
82442
82443
82444
82445
82446
82448
82449
82450
82451
82452
82454
82455
82457
82458
82459
82461
82466
82467
82468
82469
82470
82471
82472
82474
82475
82476
82477
82478
82479
82480
82481
82483
82484
82486
82487
82488
82490
82491
82492
82493
82494
82495
82496
82497
82499
82500
82502
82504
82505
82506
82508
82509
82510
82512
82515
82518
82519
82520
82522
82523
82524
82526
82527
82529
82530
82531
82533
82536
82537
82538
82539
82541
82547
82548
82549
82550
82551
82553
82555
82558
82559
82561
82562
82563
82565
82567
82568
82571
82572
82573
82576
82577
82578
82579
82580
82581
82582
82583
82584
82585
82587
82591
82592
82595
82596
82597
82598
82599
82600
82601
82602
82603
82604
82605
82606
82607
82609
82610
82612
82613
82614
82615
82616
82617
82618
82619
82620
82622
82623
82625
82628
82629
82630
82637
82638
82639
82640
82642
82643
82644
82645
82646
82647
82648
82649
82650
82653
82657
82658
82659
82660
82661
82664
82665
82666
82669
82670
82672
82674
82676
82677
82678
82679
82680
82681
82683
82685
82686
82688
82691
82693
82694
82695
82696
82697
82698
82699
82701
82702
82703
82704
82705
82706
82707
82708
82710
82711
82712
82718
82719
82720
82724
82726
82728
82732
82734
82735
82736
82737
82738
82740
82741
82743
82744
82746
82748
82750
82751
82752
82753
82754
82755
82756
82757
82758
82759
82761
82766
82769
82771
82772
82774
82777
82779
82782
82783
82786
82788
82789
82790
82791
82792
82794
82796
82797
82799
82800
82801
82803
82804
82807
82808
82809
82810
82811
82813
82817
82818
82821
82823
82824
82825
82827
82829
82831
82832
82833
82834
82835
82836
82837
82838
82840
82842
82843
82845
82847
82848
82849
82850
82851
82852
82853
82854
82857
82859
82860
82862
82864
82865
82866
82868
82869
82870
82872
82874
82877
82879
82881
82884
82885
82887
82888
82889
82890
82891
82892
82893
82894
82895
82897
82900
82901
82902
82903
82904
82905
82906
82908
82909
82910
82911
82912
82913
82914
82916
82917
82918
82919
82921
82922
82923
82924
82926
82927
82929
82930
82931
82933
82934
82935
82938
82939
82940
82941
82942
82943
82946
82947
82949
82950
82951
82952
82953
82954
82956
82957
82958
82959
82960
82962
82963
82964
82965
82966
82968
82970
82971
82972
82974
82975
82976
82977
82978
82979
82981
82982
82983
82985
82987
82988
82989
82990
82991
82992
82994
82995
82996
82998
82999
83000
83001
83002
83004
83005
83006
83009
83013
83015
83016
83017
83019
83020
83022
83025
83026
83027
83028
83029
83030
83031
83034
83035
83036
83037
83040
83041
83043
83044
83045
83046
83047
83051
83053
83055
83056
83057
83058
83059
83060
83062
83063
83066
83068
83069
83071
83072
83074
83075
83076
83078
83079
83083
83084
83085
83087
83090
83092
83094
83095
83096
83097
83100
83102
83103
83105
83108
83109
83110
83112
83113
83114
83115
83117
83119
83123
83124
83125
83127
83130
83131
83132
83133
83134
83136
83137
83139
83141
83143
83144
83145
83147
83148
83149
83152
83154
83155
83156
83158
83160
83161
83162
83163
83164
83166
83167
83168
83170
83171
83172
83173
83174
83175
83177
83178
83180
83182
83183
83184
83185
83186
83188
83189
83191
83192
83195
83196
83199
83201
83202
83204
83205
83207
83208
83209
83210
83211
83212
83213
83214
83215
83218
83220
83221
83222
83225
83226
83227
83229
83233
83236
83237
83242
83243
83244
83245
83246
83247
83248
83251
83252
83254
83255
83256
83257
83258
83261
83262
83264
83265
83266
83267
83268
83269
83270
83272
83273
83275
83276
83278
83279
83283
83284
83285
83286
83287
83290
83291
83292
83294
83295
83297
83298
83299
83302
83304
83305
83308
83309
83310
83311
83313
83314
83315
83317
83318
83320
83321
83322
83323
83324
83325
83327
83328
83329
83332
83333
83334
83335
83336
83337
83338
83340
83343
83344
83345
83347
83348
83350
83351
83352
83353
83354
83355
83356
83358
83359
83360
83362
83363
83364
83365
83367
83369
83370
83371
83373
83375
83376
83378
83379
83381
83382
83383
83384
83387
83388
83389
83390
83391
83392
83393
83394
83395
83398
83399
83400
83402
83403
83404
83405
83406
83407
83408
83409
83411
83413
83415
83416
83417
83420
83421
83422
83423
83424
83425
83426
83427
83429
83430
83432
83433
83435
83436
83438
83441
83444
83445
83447
83448
83449
83450
83452
83453
83454
83455
83456
83458
83459
83463
83464
83468
83469
83470
83472
83475
83476
83477
83479
83481
83482
83484
83486
83490
83491
83492
83494
83495
83497
83498
83499
83500
83501
83503
83504
83505
83506
83508
83509
83510
83514
83518
83520
83522
83525
83526
83529
83530
83532
83533
83534
83535
83536
83537
83538
83539
83541
83542
83543
83545
83546
83548
83551
83552
83553
83554
83555
83556
83559
83560
83562
83563
83564
83567
83568
83569
83570
83571
83576
83577
83579
83580
83581
83583
83584
83585
83590
83592
83594
83595
83598
83600
83601
83602
83604
83607
83608
83610
83611
83613
83616
83618
83623
83625
83626
83627
83629
83630
83631
83632
83633
83634
83635
83637
83638
83640
83642
83643
83644
83645
83646
83647
83650
83651
83653
83654
83655
83657
83658
83661
83662
83663
83665
83666
83668
83669
83670
83672
83674
83676
83677
83678
83680
83681
83685
83686
83689
83691
83692
83693
83694
83696
83697
83698
83700
83701
83705
83708
83710
83711
83712
83713
83714
83716
83717
83718
83719
83720
83721
83722
83723
83725
83726
83727
83728
83729
83730
83731
83732
83733
83735
83736
83737
83739
83741
83742
83743
83744
83748
83749
83753
83755
83756
83757
83759
83760
83762
83764
83765
83766
83768
83769
83772
83773
83774
83775
83776
83779
83780
83781
83782
83784
83786
83787
83789
83791
83793
83794
83796
83797
83799
83800
83802
83805
83807
83809
83810
83812
83814
83815
83816
83817
83818
83819
83820
83822
83823
83824
83825
83831
83832
83833
83834
83835
83836
83837
83838
83839
83841
83842
83844
83846
83847
83851
83852
83855
83856
83857
83858
83859
83861
83865
83866
83870
83873
83874
83875
83877
83879
83880
83881
83882
83884
83885
83888
83889
83890
83894
83895
83897
83898
83900
83901
83902
83904
83905
83906
83907
83910
83912
83915
83916
83917
83918
83919
83920
83922
83923
83924
83926
83927
83929
83931
83932
83935
83936
83937
83938
83939
83940
83941
83943
83944
83945
83947
83948
83949
83950
83951
83953
83954
83955
83957
83958
83959
83960
83961
83964
83965
83968
83971
83972
83975
83976
83978
83979
83981
83982
83988
83989
83990
83992
83993
83994
83995
83996
83997
83998
83999
84001
84002
84003
84004
84005
84006
84007
84009
84010
84011
84013
84015
84016
84017
84018
84020
84022
84023
84026
84029
84030
84032
84035
84036
84041
84042
84043
84045
84047
84048
84051
84052
84057
84059
84061
84062
84068
84070
84071
84073
84074
84075
84076
84078
84081
84084
84085
84086
84088
84089
84090
84091
84093
84094
84095
84096
84098
84100
84101
84102
84105
84106
84109
84111
84112
84113
84114
84115
84118
84119
84120
84121
84122
84124
84128
84129
84131
84132
84134
84138
84140
84141
84142
84144
84146
84148
84149
84150
84152
84153
84154
84156
84158
84161
84162
84163
84164
84165
84167
84168
84171
84173
84174
84176
84177
84179
84180
84181
84184
84186
84187
84188
84190
84191
84192
84193
84194
84198
84199
84200
84203
84204
84206
84207
84212
84213
84215
84220
84221
84222
84224
84225
84227
84228
84229
84230
84231
84232
84236
84237
84238
84239
84240
84241
84242
84243
84244
84245
84248
84249
84250
84251
84252
84253
84254
84256
84259
84260
84261
84262
84263
84264
84267
84270
84273
84276
84277
84278
84279
84282
84283
84289
84290
84291
84293
84294
84295
84296
84297
84298
84301
84302
84306
84307
84312
84313
84314
84315
84316
84318
84320
84323
84324
84326
84327
84328
84329
84330
84332
84333
84335
84336
84337
84338
84339
84340
84341
84342
84344
84346
84347
84352
84353
84355
84356
84357
84358
84359
84360
84361
84362
84363
84364
84366
84370
84371
84372
84374
84375
84376
84377
84381
84383
84385
84386
84387
84388
84389
84390
84391
84393
84395
84396
84398
84399
84402
84403
84405
84407
84408
84409
84410
84411
84414
84417
84419
84420
84421
84422
84425
84426
84427
84428
84429
84432
84433
84434
84435
84436
84438
84439
84440
84442
84443
84444
84445
84446
84449
84450
84451
84452
84453
84454
84457
84459
84460
84461
84462
84463
84467
84469
84471
84473
84474
84475
84477
84478
84479
84480
84482
84485
84486
84487
84488
84490
84491
84492
84493
84496
84497
84498
84499
84501
84502
84503
84504
84506
84508
84509
84510
84511
84513
84514
84516
84517
84520
84521
84522
84523
84525
84526
84527
84529
84534
84537
84538
84540
84541
84542
84543
84544
84545
84546
84547
84549
84550
84554
84556
84557
84558
84559
84560
84564
84566
84567
84568
84569
84571
84572
84575
84576
84577
84578
84580
84581
84583
84584
84585
84586
84588
84590
84591
84593
84594
84595
84597
84598
84599
84601
84602
84604
84605
84608
84609
84610
84611
84612
84613
84614
84615
84616
84617
84618
84620
84623
84624
84625
84626
84628
84629
84631
84632
84633
84635
84636
84637
84639
84641
84642
84647
84648
84649
84650
84651
84652
84653
84654
84655
84656
84657
84658
84659
84660
84662
84663
84664
84665
84667
84670
84671
84672
84673
84674
84676
84677
84681
84683
84684
84690
84692
84696
84697
84698
84701
84702
84703
84704
84705
84708
84709
84710
84712
84713
84714
84718
84719
84721
84722
84723
84725
84726
84730
84732
84733
84734
84735
84736
84737
84740
84742
84743
84744
84745
84747
84748
84749
84750
84751
84752
84755
84756
84757
84759
84760
84762
84765
84766
84767
84770
84771
84773
84774
84775
84776
84777
84780
84781
84782
84783
84785
84786
84787
84790
84791
84792
84793
84795
84796
84798
84799
84800
84801
84803
84805
84806
84808
84809
84811
84812
84813
84814
84815
84816
84817
84818
84819
84821
84823
84825
84826
84827
84828
84829
84831
84834
84835
84836
84838
84839
84840
84841
84842
84845
84848
84849
84850
84852
84853
84856
84858
84862
84863
84869
84870
84873
84874
84877
84879
84880
84881
84886
84887
84888
84889
84891
84892
84893
84897
84898
84899
84902
84903
84905
84906
84907
84908
84909
84910
84911
84912
84913
84914
84915
84916
84918
84919
84920
84921
84925
84927
84928
84929
84930
84931
84932
84933
84934
84935
84937
84938
84939
84940
84941
84944
84945
84946
84947
84948
84949
84950
84954
84955
84959
84962
84965
84966
84969
84971
84972
84973
84974
84976
84977
84978
84979
84980
84981
84982
84987
84989
84992
84994
84999
85001
85002
85004
85005
85006
85007
85009
85011
85012
85013
85015
85016
85018
85020
85024
85025
85026
85028
85033
85034
85035
85036
85037
85038
85041
85042
85043
85046
85047
85048
85051
85053
85055
85058
85059
85061
85066
85068
85069
85070
85072
85073
85076
85077
85080
85081
85082
85083
85087
85088
85090
85091
85093
85094
85095
85096
85097
85099
85100
85101
85102
85103
85104
85107
85108
85109
85110
85111
85114
85115
85116
85117
85118
85120
85122
85125
85128
85129
85131
85132
85133
85134
85135
85138
85141
85142
85144
85145
85146
85148
85149
85151
85152
85154
85156
85157
85158
85159
85160
85161
85162
85163
85164
85165
85166
85167
85169
85171
85174
85176
85177
85179
85182
85184
85185
85186
85187
85188
85190
85192
85194
85195
85202
85203
85207
85208
85210
85211
85212
85213
85214
85215
85216
85217
85218
85219
85220
85221
85223
85224
85225
85228
85229
85230
85231
85232
85233
85234
85236
85237
85238
85239
85240
85241
85243
85244
85245
85247
85248
85249
85251
85252
85254
85255
85257
85258
85259
85260
85261
85264
85265
85266
85267
85268
85269
85270
85271
85273
85276
85281
85282
85283
85285
85287
85288
85289
85290
85291
85292
85293
85294
85298
85299
85300
85301
85302
85303
85304
85307
85308
85310
85312
85313
85315
85316
85318
85321
85323
85325
85326
85328
85329
85330
85331
85332
85333
85334
85335
85337
85338
85339
85342
85345
85346
85347
85349
85350
85351
85354
85356
85358
85360
85363
85365
85367
85368
85370
85371
85373
85375
85376
85378
85379
85382
85383
85384
85385
85386
85387
85388
85389
85391
85392
85393
85394
85395
85396
85397
85398
85399
85401
85402
85403
85404
85405
85407
85408
85410
85414
85416
85417
85418
85419
85420
85421
85423
85426
85428
85429
85430
85432
85433
85436
85439
85440
85441
85442
85444
85445
85449
85451
85452
85453
85456
85458
85459
85460
85462
85463
85466
85468
85469
85470
85471
85475
85477
85478
85479
85480
85481
85484
85487
85491
85492
85493
85494
85496
85497
85498
85500
85502
85504
85505
85506
85508
85509
85510
85511
85512
85514
85516
85517
85518
85520
85521
85525
85526
85527
85528
85530
85531
85532
85536
85537
85539
85541
85542
85545
85546
85547
85548
85549
85551
85554
85555
85556
85557
85558
85559
85560
85561
85562
85563
85565
85566
85567
85568
85569
85572
85574
85575
85577
85578
85581
85582
85584
85586
85587
85590
85593
85594
85595
85597
85598
85600
85602
85603
85607
85608
85610
85613
85614
85616
85618
85620
85622
85623
85624
85625
85627
85628
85630
85631
85632
85633
85634
85635
85637
85639
85640
85642
85643
85644
85645
85646
85648
85649
85650
85652
85653
85654
85655
85656
85658
85659
85666
85668
85670
85671
85672
85673
85674
85675
85676
85678
85679
85681
85682
85685
85687
85689
85690
85693
85694
85695
85696
85697
85699
85701
85705
85706
85707
85711
85713
85715
85716
85717
85721
85722
85724
85725
85727
85728
85729
85731
85733
85735
85736
85739
85741
85743
85744
85747
85748
85749
85751
85752
85753
85754
85757
85760
85761
85762
85765
85766
85767
85771
85772
85773
85776
85779
85780
85781
85782
85783
85784
85786
85787
85788
85789
85790
85791
85793
85797
85799
85800
85802
85803
85805
85806
85807
85808
85811
85812
85814
85815
85816
85819
85821
85823
85824
85825
85826
85827
85828
85832
85835
85838
85839
85842
85844
85845
85846
85847
85848
85849
85851
85852
85853
85854
85856
85857
85858
85861
85864
85866
85867
85868
85870
85872
85873
85874
85880
85881
85882
85884
85885
85886
85889
85890
85891
85892
85894
85895
85896
85897
85898
85899
85901
85903
85904
85906
85907
85908
85909
85910
85911
85912
85913
85918
85919
85920
85921
85922
85923
85924
85925
85926
85928
85929
85932
85933
85934
85937
85938
85939
85940
85942
85943
85944
85945
85947
85948
85949
85950
85952
85955
85958
85959
85963
85964
85965
85966
85968
85970
85972
85973
85975
85976
85977
85978
85979
85980
85981
85983
85984
85986
85988
85989
85990
85992
85996
85997
85998
86000
86002
86004
86005
86009
86010
86012
86015
86017
86019
86021
86022
86025
86028
86031
86032
86033
86034
86035
86036
86037
86039
86040
86041
86043
86048
86049
86050
86051
86052
86053
86054
86057
86058
86061
86064
86066
86068
86069
86070
86073
86074
86076
86078
86080
86081
86082
86083
86085
86087
86092
86093
86095
86096
86100
86103
86104
86109
86110
86111
86116
86118
86119
86120
86122
86123
86126
86127
86128
86129
86130
86133
86134
86135
86140
86142
86143
86145
86147
86148
86149
86150
86152
86153
86155
86156
86157
86158
86159
86161
86162
86164
86165
86166
86167
86168
86171
86172
86173
86175
86176
86177
86178
86179
86181
86182
86183
86184
86187
86189
86190
86191
86193
86194
86197
86199
86202
86203
86204
86205
86206
86207
86208
86210
86213
86214
86215
86220
86221
86223
86224
86225
86226
86227
86228
86229
86230
86232
86233
86234
86235
86236
86237
86238
86239
86240
86241
86242
86243
86244
86247
86249
86250
86252
86254
86256
86258
86259
86264
86265
86266
86267
86268
86269
86270
86271
86272
86274
86279
86280
86281
86282
86284
86287
86289
86290
86291
86292
86293
86294
86295
86296
86298
86299
86300
86301
86303
86304
86305
86306
86308
86309
86310
86312
86313
86315
86316
86317
86318
86320
86321
86323
86325
86326
86327
86329
86331
86335
86336
86338
86342
86345
86346
86347
86348
86349
86350
86351
86353
86354
86355
86357
86358
86359
86360
86361
86362
86363
86366
86367
86369
86371
86375
86376
86378
86379
86380
86381
86384
86386
86387
86389
86390
86391
86392
86394
86398
86403
86405
86407
86408
86409
86412
86413
86414
86416
86417
86418
86419
86420
86421
86422
86423
86424
86427
86429
86430
86434
86436
86439
86440
86441
86442
86445
86446
86447
86448
86449
86450
86452
86453
86455
86456
86457
86459
86460
86461
86462
86463
86466
86467
86468
86471
86472
86473
86476
86477
86479
86481
86486
86487
86488
86492
86494
86495
86498
86500
86502
86503
86505
86506
86508
86509
86512
86517
86520
86521
86522
86523
86528
86529
86530
86533
86534
86535
86537
86538
86540
86541
86543
86545
86547
86549
86550
86551
86552
86554
86555
86557
86558
86559
86560
86564
86566
86568
86570
86571
86572
86573
86575
86578
86579
86580
86583
86586
86587
86592
86594
86598
86599
86601
86602
86604
86605
86606
86608
86609
86610
86614
86615
86616
86617
86618
86619
86620
86624
86625
86626
86627
86629
86633
86636
86639
86640
86641
86642
86643
86646
86652
86653
86656
86658
86660
86664
86665
86667
86668
86669
86670
86671
86672
86673
86674
86675
86677
86679
86682
86685
86686
86688
86690
86691
86692
86693
86695
86697
86698
86700
86702
86703
86704
86705
86706
86707
86709
86710
86712
86713
86714
86715
86717
86719
86720
86721
86723
86724
86725
86726
86727
86729
86731
86732
86733
86735
86737
86738
86739
86740
86743
86744
86745
86747
86748
86749
86751
86753
86755
86756
86757
86761
86762
86763
86764
86765
86768
86769
86771
86772
86773
86775
86777
86779
86780
86781
86784
86785
86787
86788
86790
86791
86792
86793
86794
86796
86797
86798
86799
86800
86802
86803
86804
86805
86806
86808
86810
86811
86813
86814
86815
86818
86823
86824
86825
86826
86827
86828
86830
86832
86833
86835
86837
86838
86839
86840
86841
86842
86844
86845
86846
86847
86848
86851
86853
86854
86855
86856
86858
86860
86861
86862
86863
86864
86865
86866
86868
86869
86870
86872
86873
86875
86876
86877
86879
86881
86884
86890
86891
86892
86894
86897
86899
86900
86902
86903
86904
86905
86908
86910
86912
86913
86915
86917
86918
86919
86920
86921
86922
86923
86924
86925
86926
86928
86932
86934
86935
86936
86937
86939
86940
86943
86945
86946
86950
86951
86952
86954
86955
86956
86957
86958
86962
86963
86964
86965
86966
86967
86972
86973
86975
86976
86977
86978
86979
86981
86982
86983
86984
86987
86989
86993
86995
86996
86997
86998
87001
87003
87005
87006
87007
87009
87010
87011
87012
87013
87015
87017
87020
87022
87024
87029
87032
87034
87035
87037
87038
87040
87042
87043
87046
87047
87048
87049
87050
87053
87055
87056
87059
87060
87061
87063
87064
87065
87066
87068
87069
87070
87071
87075
87076
87078
87079
87081
87082
87085
87086
87087
87088
87090
87092
87093
87094
87096
87098
87099
87101
87102
87103
87106
87109
87110
87111
87112
87114
87115
87116
87119
87120
87121
87122
87125
87126
87128
87129
87130
87131
87134
87135
87136
87142
87144
87145
87146
87147
87148
87149
87150
87151
87152
87153
87155
87157
87158
87159
87160
87161
87162
87163
87164
87165
87167
87169
87171
87174
87176
87179
87180
87182
87186
87188
87189
87190
87192
87194
87195
87196
87198
87199
87200
87201
87202
87203
87205
87206
87208
87209
87211
87212
87214
87217
87219
87221
87222
87223
87224
87227
87228
87230
87231
87232
87235
87236
87238
87239
87240
87241
87242
87244
87246
87247
87248
87249
87250
87251
87254
87257
87258
87259
87260
87262
87263
87265
87268
87269
87270
87271
87272
87273
87274
87276
87277
87279
87280
87281
87282
87283
87284
87286
87287
87288
87292
87294
87296
87298
87303
87304
87305
87306
87307
87308
87309
87311
87312
87313
87314
87315
87316
87317
87319
87321
87324
87328
87329
87331
87332
87333
87335
87336
87337
87339
87340
87341
87342
87345
87346
87349
87350
87352
87354
87355
87358
87359
87360
87361
87362
87363
87364
87366
87367
87368
87371
87372
87373
87374
87375
87376
87377
87379
87380
87382
87383
87385
87386
87387
87388
87390
87391
87392
87393
87394
87395
87397
87398
87399
87400
87403
87405
87407
87409
87410
87411
87413
87414
87415
87416
87418
87419
87420
87423
87425
87427
87429
87430
87431
87434
87435
87436
87437
87439
87440
87441
87442
87443
87444
87445
87447
87448
87449
87450
87451
87452
87453
87456
87458
87459
87460
87461
87462
87463
87464
87466
87468
87469
87470
87472
87473
87474
87475
87476
87478
87481
87482
87484
87485
87487
87490
87491
87493
87495
87496
87498
87500
87501
87503
87504
87505
87506
87509
87515
87518
87519
87520
87522
87524
87526
87527
87530
87531
87534
87535
87536
87538
87539
87541
87543
87544
87545
87548
87549
87551
87552
87553
87555
87556
87557
87558
87559
87561
87562
87565
87566
87567
87568
87569
87572
87573
87576
87577
87578
87579
87583
87584
87585
87586
87587
87588
87589
87590
87594
87596
87599
87601
87605
87607
87608
87609
87610
87611
87612
87613
87614
87615
87619
87621
87623
87624
87625
87626
87627
87628
87629
87630
87631
87632
87633
87635
87636
87637
87638
87640
87643
87645
87646
87648
87649
87650
87656
87657
87658
87659
87660
87661
87663
87668
87671
87672
87673
87675
87676
87678
87680
87681
87683
87684
87685
87686
87687
87689
87690
87691
87693
87696
87699
87700
87701
87704
87705
87706
87709
87711
87712
87714
87715
87717
87719
87721
87723
87724
87725
87727
87728
87730
87731
87733
87737
87740
87741
87743
87744
87747
87748
87749
87750
87751
87753
87754
87755
87756
87760
87761
87764
87766
87767
87768
87772
87773
87774
87775
87776
87777
87781
87783
87784
87789
87790
87791
87795
87796
87798
87799
87802
87806
87807
87808
87809
87811
87812
87813
87815
87816
87817
87818
87819
87820
87821
87823
87825
87826
87827
87828
87830
87831
87833
87834
87838
87842
87843
87844
87846
87848
87851
87852
87854
87859
87861
87863
87864
87867
87868
87869
87872
87873
87874
87877
87878
87880
87884
87885
87887
87888
87890
87894
87897
87898
87899
87900
87902
87903
87910
87911
87912
87913
87916
87918
87919
87920
87922
87923
87924
87925
87926
87927
87928
87929
87930
87931
87932
87933
87935
87938
87940
87941
87943
87944
87947
87948
87949
87950
87952
87953
87956
87958
87959
87960
87961
87962
87963
87964
87965
87970
87971
87974
87975
87978
87980
87984
87988
87990
87991
87992
87993
87994
87995
87996
87997
88001
88003
88004
88005
88006
88008
88009
88010
88011
88014
88015
88016
88018
88019
88020
88021
88023
88027
88029
88030
88031
88032
88034
88035
88037
88041
88042
88043
88044
88048
88049
88050
88051
88054
88055
88056
88057
88059
88060
88063
88064
88068
88069
88071
88072
88073
88074
88075
88078
88079
88081
88082
88084
88086
88089
88091
88092
88093
88095
88096
88097
88098
88100
88104
88105
88107
88108
88109
88110
88111
88112
88113
88114
88115
88116
88117
88119
88120
88122
88125
88126
88128
88129
88132
88133
88134
88135
88136
88137
88138
88139
88140
88142
88144
88145
88146
88147
88150
88152
88153
88154
88155
88156
88161
88162
88163
88164
88166
88167
88168
88169
88170
88171
88174
88175
88176
88178
88179
88181
88182
88184
88185
88189
88191
88193
88196
88198
88199
88200
88201
88202
88204
88207
88208
88210
88211
88212
88219
88221
88222
88223
88224
88226
88227
88228
88230
88231
88234
88235
88236
88238
88239
88241
88243
88244
88245
88250
88251
88253
88254
88256
88257
88259
88260
88262
88266
88268
88270
88271
88272
88273
88274
88276
88277
88279
88283
88284
88285
88286
88287
88288
88291
88292
88295
88297
88298
88300
88301
88304
88305
88307
88308
88309
88310
88311
88312
88314
88317
88319
88320
88321
88322
88325
88329
88330
88331
88332
88334
88337
88338
88339
88340
88342
88345
88346
88347
88348
88349
88351
88352
88353
88354
88355
88356
88358
88359
88360
88361
88362
88363
88364
88365
88367
88370
88372
88373
88374
88375
88376
88379
88380
88381
88386
88389
88390
88391
88392
88393
88395
88396
88397
88398
88399
88400
88402
88403
88404
88405
88406
88407
88408
88410
88415
88416
88417
88420
88421
88423
88424
88425
88426
88428
88429
88431
88432
88434
88435
88436
88437
88438
88439
88440
88441
88442
88443
88445
88446
88447
88448
88449
88451
88453
88456
88457
88458
88459
88462
88463
88464
88465
88467
88470
88473
88474
88475
88478
88479
88480
88481
88482
88483
88486
88487
88489
88490
88492
88493
88495
88496
88498
88499
88501
88502
88503
88504
88505
88506
88507
88508
88509
88513
88514
88515
88517
88518
88519
88520
88523
88524
88525
88527
88528
88529
88533
88534
88535
88536
88537
88539
88541
88542
88543
88546
88548
88549
88552
88553
88555
88558
88559
88560
88561
88563
88564
88566
88567
88568
88569
88570
88571
88572
88575
88576
88577
88580
88581
88583
88584
88585
88587
88589
88591
88592
88593
88594
88597
88599
88600
88603
88605
88606
88607
88608
88609
88610
88613
88614
88616
88617
88619
88621
88622
88623
88624
88626
88631
88634
88636
88637
88638
88639
88640
88642
88643
88644
88645
88648
88649
88651
88652
88653
88654
88655
88656
88657
88659
88660
88662
88663
88664
88665
88666
88668
88669
88670
88671
88674
88675
88679
88680
88682
88683
88685
88686
88687
88689
88692
88693
88695
88696
88697
88698
88699
88703
88706
88707
88709
88710
88711
88714
88715
88716
88718
88719
88723
88724
88725
88726
88729
88731
88732
88733
88734
88735
88736
88739
88740
88741
88742
88743
88744
88746
88748
88749
88750
88751
88753
88755
88756
88759
88761
88762
88763
88765
88766
88767
88768
88769
88771
88777
88778
88779
88781
88783
88784
88786
88790
88791
88792
88793
88794
88795
88797
88800
88803
88805
88807
88809
88810
88811
88813
88814
88815
88816
88817
88818
88820
88821
88822
88823
88824
88825
88826
88829
88830
88833
88834
88835
88837
88838
88839
88840
88841
88842
88845
88846
88847
88848
88849
88851
88853
88854
88855
88857
88858
88859
88860
88861
88862
88863
88864
88865
88866
88867
88868
88869
88870
88872
88873
88874
88875
88878
88879
88882
88884
88886
88887
88888
88890
88892
88893
88894
88895
88898
88899
88900
88903
88905
88906
88907
88908
88913
88914
88915
88918
88921
88923
88924
88926
88927
88929
88930
88931
88932
88935
88936
88939
88940
88942
88943
88944
88945
88946
88948
88949
88953
88954
88955
88956
88957
88958
88960
88961
88963
88964
88965
88968
88972
88974
88976
88977
88979
88982
88983
88984
88985
88986
88990
88991
88993
88995
88996
89002
89003
89006
89009
89010
89013
89014
89017
89018
89020
89022
89024
89026
89027
89030
89031
89033
89034
89035
89036
89037
89038
89039
89041
89042
89043
89046
89047
89048
89049
89051
89053
89055
89056
89057
89058
89059
89060
89062
89063
89065
89066
89067
89068
89071
89073
89076
89079
89080
89081
89083
89084
89085
89088
89089
89090
89094
89095
89096
89100
89101
89102
89104
89107
89108
89111
89112
89115
89117
89118
89120
89121
89123
89124
89125
89126
89127
89128
89130
89131
89133
89134
89138
89139
89140
89141
89142
89143
89144
89145
89146
89148
89150
89152
89155
89156
89157
89158
89159
89160
89162
89163
89164
89166
89167
89168
89170
89171
89172
89174
89177
89178
89181
89182
89183
89185
89186
89187
89188
89189
89190
89191
89192
89193
89197
89198
89199
89200
89201
89203
89204
89206
89207
89208
89209
89213
89214
89215
89216
89220
89221
89222
89223
89225
89226
89227
89229
89231
89232
89237
89239
89242
89243
89244
89246
89247
89248
89249
89250
89251
89252
89255
89256
89258
89259
89262
89263
89264
89265
89267
89271
89273
89274
89276
89277
89278
89279
89280
89282
89283
89285
89286
89287
89288
89290
89292
89293
89295
89296
89298
89300
89301
89302
89303
89304
89306
89307
89309
89310
89312
89313
89314
89315
89316
89319
89320
89323
89324
89325
89326
89329
89330
89332
89334
89336
89337
89338
89340
89341
89342
89343
89345
89347
89348
89349
89353
89354
89356
89357
89358
89359
89360
89362
89364
89365
89367
89370
89373
89374
89375
89376
89377
89378
89379
89380
89381
89382
89383
89385
89387
89388
89389
89390
89391
89392
89395
89396
89397
89398
89402
89403
89406
89408
89409
89411
89412
89413
89418
89419
89420
89422
89423
89424
89426
89427
89428
89430
89433
89434
89435
89436
89437
89438
89439
89442
89443
89444
89446
89447
89448
89449
89450
89451
89452
89454
89456
89457
89458
89459
89460
89461
89462
89464
89465
89466
89468
89472
89473
89474
89475
89477
89479
89481
89482
89484
89485
89489
89490
89494
89496
89497
89498
89501
89502
89503
89504
89505
89507
89508
89509
89511
89512
89513
89516
89517
89519
89520
89523
89526
89527
89529
89531
89532
89533
89535
89536
89538
89539
89540
89541
89542
89543
89544
89549
89551
89552
89553
89555
89558
89559
89560
89562
89563
89564
89566
89568
89570
89571
89572
89573
89576
89577
89578
89579
89581
89582
89584
89585
89588
89589
89591
89592
89594
89597
89598
89599
89602
89603
89604
89605
89607
89608
89609
89611
89614
89615
89616
89617
89618
89619
89620
89621
89623
89624
89626
89627
89628
89629
89631
89632
89634
89635
89636
89637
89640
89641
89642
89643
89644
89646
89648
89649
89651
89652
89653
89654
89655
89656
89659
89660
89661
89662
89664
89665
89666
89667
89668
89669
89670
89671
89672
89673
89674
89675
89677
89679
89680
89681
89682
89683
89684
89687
89688
89689
89691
89694
89695
89696
89697
89699
89701
89702
89703
89705
89707
89708
89711
89718
89720
89725
89726
89728
89729
89730
89734
89735
89736
89739
89740
89741
89742
89743
89744
89745
89746
89748
89750
89751
89753
89755
89756
89757
89758
89759
89761
89765
89767
89768
89769
89771
89773
89775
89776
89778
89779
89782
89783
89784
89785
89786
89787
89788
89789
89790
89791
89793
89794
89795
89796
89797
89798
89799
89803
89805
89806
89807
89809
89811
89812
89813
89814
89817
89819
89821
89823
89824
89826
89828
89830
89833
89834
89836
89837
89841
89842
89844
89845
89846
89847
89848
89850
89853
89855
89859
89860
89862
89863
89864
89866
89867
89870
89871
89872
89875
89876
89880
89882
89888
89889
89890
89894
89896
89897
89899
89902
89903
89904
89905
89906
89907
89908
89909
89910
89912
89913
89915
89917
89918
89919
89920
89921
89923
89924
89927
89929
89930
89931
89932
89933
89934
89935
89936
89937
89939
89941
89943
89947
89950
89952
89953
89956
89957
89958
89959
89963
89964
89971
89972
89974
89975
89976
89977
89978
89980
89982
89983
89985
89986
89987
89988
89992
89994
89995
89996
89997
89999
90000
90001
90004
90007
90011
90012
90014
90015
90017
90020
90023
90024
90025
90028
90031
90032
90033
90034
90035
90036
90037
90038
90039
90040
90041
90042
90043
90045
90047
90048
90049
90050
90051
90052
90053
90054
90055
90056
90057
90059
90060
90062
90063
90064
90068
90070
90072
90073
90075
90076
90078
90080
90084
90086
90087
90088
90089
90090
90091
90095
90096
90097
90098
90099
90101
90103
90106
90107
90109
90110
90111
90114
90119
90120
90121
90123
90124
90125
90126
90127
90130
90131
90133
90134
90137
90138
90139
90140
90141
90142
90143
90144
90145
90146
90147
90148
90149
90152
90153
90155
90156
90157
90158
90160
90161
90162
90166
90168
90175
90177
90179
90180
90181
90183
90185
90186
90187
90188
90190
90191
90193
90195
90196
90199
90200
90203
90204
90207
90208
90211
90212
90213
90214
90215
90217
90220
90222
90224
90225
90226
90227
90229
90230
90231
90232
90233
90234
90235
90236
90238
90239
90240
90242
90243
90245
90246
90248
90249
90251
90254
90255
90256
90257
90258
90261
90265
90266
90267
90268
90270
90271
90272
90277
90280
90281
90282
90283
90284
90285
90286
90288
90290
90291
90293
90295
90296
90297
90298
90300
90301
90303
90304
90305
90306
90310
90313
90314
90315
90318
90320
90321
90323
90324
90325
90326
90329
90330
90331
90333
90335
90336
90337
90339
90342
90343
90345
90348
90349
90350
90353
90356
90357
90358
90359
90360
90361
90362
90365
90366
90367
90368
90370
90371
90373
90374
90375
90377
90378
90379
90382
90385
90387
90388
90389
90390
90393
90394
90395
90396
90397
90399
90400
90403
90405
90406
90407
90409
90410
90411
90412
90413
90415
90417
90418
90419
90422
90424
90425
90426
90428
90429
90431
90433
90434
90435
90436
90437
90438
90439
90440
90441
90442
90445
90446
90447
90448
90451
90453
90454
90455
90456
90457
90458
90459
90460
90461
90462
90463
90465
90466
90467
90468
90469
90470
90471
90472
90476
90477
90479
90480
90481
90483
90484
90488
90494
90495
90496
90498
90500
90501
90502
90503
90504
90505
90506
90507
90508
90510
90511
90512
90513
90514
90515
90516
90517
90518
90519
90520
90521
90522
90523
90524
90528
90529
90530
90532
90534
90538
90541
90546
90547
90548
90551
90552
90553
90554
90556
90558
90560
90561
90563
90564
90565
90567
90568
90569
90570
90571
90572
90574
90576
90577
90578
90580
90581
90583
90585
90586
90587
90588
90589
90590
90592
90594
90596
90597
90598
90599
90600
90602
90604
90605
90606
90607
90608
90609
90611
90612
90613
90614
90615
90618
90619
90620
90625
90626
90627
90628
90631
90632
90636
90637
90638
90641
90646
90647
90653
90654
90655
90657
90659
90660
90661
90663
90665
90666
90673
90675
90678
90679
90681
90683
90687
90688
90689
90691
90695
90696
90697
90698
90699
90700
90701
90705
90707
90712
90713
90714
90717
90718
90719
90720
90721
90722
90723
90724
90725
90726
90728
90729
90730
90732
90734
90735
90736
90737
90738
90739
90740
90741
90742
90744
90746
90748
90749
90750
90751
90753
90754
90756
90757
90758
90759
90763
90764
90766
90768
90771
90772
90773
90774
90781
90783
90784
90785
90786
90787
90791
90794
90795
90796
90797
90798
90799
90801
90806
90807
90808
90809
90810
90816
90817
90820
90821
90822
90824
90825
90828
90829
90831
90832
90834
90836
90837
90839
90840
90841
90843
90847
90848
90849
90850
90852
90853
90854
90856
90857
90858
90859
90860
90861
90863
90864
90865
90868
90870
90871
90872
90874
90875
90877
90878
90879
90882
90883
90885
90888
90889
90890
90891
90892
90893
90894
90895
90898
90901
90902
90903
90904
90907
90908
90909
90915
90917
90918
90919
90922
90923
90924
90925
90926
90927
90928
90929
90931
90932
90934
90935
90940
90941
90942
90943
90944
90945
90947
90948
90949
90950
90952
90954
90955
90957
90958
90959
90962
90963
90965
90966
90967
90969
90970
90971
90974
90975
90977
90980
90982
90983
90984
90985
90986
90988
90990
90992
90993
90994
90995
90996
90998
91000
91005
91007
91009
91011
91012
91015
91016
91017
91018
91019
91020
91021
91022
91023
91024
91025
91026
91027
91028
91029
91031
91033
91034
91035
91037
91038
91039
91041
91042
91043
91044
91045
91046
91047
91048
91051
91052
91054
91055
91056
91057
91058
91059
91061
91062
91063
91064
91065
91070
91071
91072
91073
91077
91079
91080
91081
91082
91083
91084
91086
91088
91090
91091
91092
91093
91097
91099
91100
91101
91102
91103
91104
91105
91108
91109
91110
91111
91113
91114
91115
91116
91118
91123
91124
91125
91126
91129
91130
91131
91132
91133
91135
91136
91137
91138
91139
91140
91142
91144
91146
91147
91148
91149
91150
91151
91154
91155
91158
91162
91163
91164
91165
91166
91168
91171
91172
91173
91175
91176
91177
91178
91179
91180
91181
91183
91186
91188
91189
91190
91192
91195
91197
91199
91200
91201
91205
91207
91208
91209
91210
91212
91214
91216
91218
91220
91222
91223
91224
91226
91228
91231
91232
91234
91235
91238
91240
91241
91242
91243
91245
91246
91247
91248
91249
91250
91251
91252
91254
91258
91259
91260
91261
91262
91264
91267
91269
91273
91274
91275
91277
91282
91283
91284
91285
91287
91288
91289
91291
91292
91293
91296
91297
91299
91300
91302
91303
91304
91308
91309
91310
91311
91312
91313
91315
91318
91320
91321
91324
91325
91326
91327
91329
91330
91332
91333
91334
91335
91336
91337
91338
91339
91340
91342
91343
91344
91345
91347
91348
91349
91351
91352
91353
91355
91356
91360
91361
91363
91364
91365
91367
91370
91371
91374
91376
91377
91378
91379
91380
91381
91383
91384
91385
91386
91388
91389
91390
91391
91392
91393
91395
91396
91399
91401
91402
91403
91404
91405
91407
91408
91410
91411
91414
91417
91418
91419
91420
91421
91422
91423
91424
91425
91426
91427
91428
91429
91430
91432
91435
91436
91437
91438
91439
91440
91444
91445
91446
91448
91452
91455
91457
91458
91459
91464
91465
91466
91467
91469
91473
91474
91475
91477
91481
91484
91485
91486
91487
91488
91493
91494
91495
91497
91498
91499
91500
91503
91504
91505
91506
91509
91512
91513
91514
91515
91516
91517
91518
91519
91520
91521
91524
91525
91527
91528
91529
91531
91533
91534
91535
91538
91541
91544
91546
91547
91548
91549
91550
91551
91553
91554
91555
91556
91558
91559
91561
91562
91563
91565
91566
91567
91568
91569
91570
91571
91573
91576
91578
91579
91580
91581
91582
91583
91586
91590
91591
91592
91593
91594
91595
91600
91602
91603
91604
91605
91606
91609
91611
91613
91614
91616
91617
91619
91621
91622
91624
91625
91626
91627
91629
91631
91633
91634
91635
91636
91637
91639
91641
91643
91644
91646
91647
91648
91650
91651
91654
91656
91657
91658
91659
91661
91665
91666
91667
91671
91672
91674
91675
91676
91677
91678
91679
91680
91682
91683
91685
91689
91692
91693
91695
91697
91701
91702
91704
91706
91707
91711
91713
91716
91718
91724
91725
91726
91727
91728
91729
91730
91732
91733
91734
91735
91736
91737
91738
91739
91740
91741
91742
91743
91744
91745
91748
91749
91750
91751
91752
91753
91755
91757
91758
91759
91760
91761
91762
91763
91764
91765
91766
91767
91769
91770
91774
91775
91778
91779
91780
91782
91783
91784
91785
91786
91787
91788
91790
91791
91794
91797
91800
91803
91805
91807
91809
91814
91817
91818
91819
91820
91821
91823
91824
91825
91826
91834
91835
91836
91837
91842
91844
91845
91848
91849
91850
91855
91858
91860
91861
91862
91863
91864
91865
91866
91868
91869
91870
91872
91876
91877
91878
91879
91881
91883
91884
91887
91888
91889
91890
91891
91892
91893
91894
91895
91898
91900
91903
91904
91906
91908
91909
91910
91913
91915
91916
91917
91918
91920
91922
91923
91925
91930
91931
91932
91933
91934
91936
91937
91938
91939
91941
91942
91947
91949
91952
91955
91959
91960
91961
91962
91963
91964
91965
91966
91969
91970
91971
91972
91975
91978
91979
91980
91985
91986
91988
91989
91990
91992
91995
91998
91999
92000
92001
92002
92003
92004
92006
92007
92008
92010
92011
92012
92014
92015
92017
92021
92022
92024
92025
92026
92027
92028
92029
92032
92033
92034
92035
92036
92037
92041
92042
92043
92046
92049
92050
92053
92054
92055
92057
92058
92060
92061
92062
92064
92066
92068
92069
92070
92072
92074
92075
92076
92077
92080
92083
92085
92087
92089
92091
92093
92095
92096
92097
92099
92101
92103
92105
92108
92115
92116
92118
92119
92120
92121
92122
92123
92124
92125
92126
92127
92128
92129
92130
92131
92133
92134
92135
92138
92140
92141
92142
92143
92144
92145
92147
92148
92149
92150
92153
92155
92156
92157
92160
92161
92162
92164
92166
92168
92169
92170
92172
92173
92175
92176
92178
92179
92180
92182
92183
92184
92186
92187
92188
92192
92194
92196
92199
92200
92202
92203
92205
92206
92208
92209
92210
92211
92214
92218
92219
92220
92221
92224
92227
92228
92231
92232
92233
92234
92235
92236
92237
92240
92241
92242
92243
92244
92247
92248
92251
92252
92256
92258
92260
92263
92264
92265
92267
92272
92274
92276
92277
92278
92280
92282
92283
92284
92285
92286
92287
92289
92290
92291
92292
92293
92294
92296
92298
92299
92300
92301
92302
92303
92305
92308
92309
92310
92312
92313
92314
92317
92318
92321
92322
92323
92324
92326
92327
92329
92330
92331
92332
92333
92334
92335
92336
92337
92338
92340
92341
92342
92344
92345
92350
92351
92353
92355
92356
92357
92358
92359
92361
92362
92365
92368
92372
92374
92375
92376
92377
92378
92379
92380
92381
92384
92385
92386
92387
92389
92390
92392
92393
92397
92399
92400
92401
92402
92403
92405
92406
92407
92408
92409
92410
92411
92413
92416
92418
92419
92421
92422
92425
92427
92428
92432
92433
92435
92436
92437
92440
92441
92442
92443
92444
92448
92450
92452
92456
92458
92459
92461
92462
92463
92465
92466
92469
92470
92471
92477
92478
92480
92481
92482
92484
92485
92486
92487
92488
92489
92490
92493
92494
92495
92496
92497
92498
92499
92502
92503
92505
92506
92507
92508
92509
92511
92513
92520
92521
92523
92528
92530
92532
92533
92538
92540
92541
92544
92546
92547
92548
92549
92550
92553
92555
92556
92557
92559
92560
92562
92563
92564
92566
92567
92569
92571
92576
92577
92578
92580
92581
92582
92585
92588
92589
92591
92593
92595
92596
92598
92599
92600
92601
92604
92606
92610
92613
92614
92615
92622
92626
92627
92630
92632
92633
92634
92636
92637
92638
92639
92640
92641
92644
92645
92646
92647
92650
92651
92653
92654
92656
92659
92660
92661
92662
92663
92664
92666
92667
92668
92669
92671
92673
92674
92675
92678
92679
92681
92684
92687
92688
92689
92690
92691
92692
92693
92694
92695
92697
92698
92699
92701
92702
92705
92707
92708
92709
92710
92711
92713
92714
92718
92719
92721
92722
92723
92724
92726
92727
92728
92730
92735
92736
92738
92739
92740
92741
92742
92743
92744
92745
92747
92748
92749
92750
92751
92752
92753
92754
92755
92756
92757
92760
92763
92764
92765
92766
92767
92768
92770
92771
92773
92776
92777
92779
92780
92781
92782
92783
92784
92785
92787
92788
92789
92790
92793
92794
92795
92796
92798
92799
92800
92801
92802
92803
92804
92805
92807
92808
92810
92813
92815
92817
92818
92820
92821
92822
92823
92826
92827
92828
92829
92830
92831
92832
92837
92839
92840
92841
92843
92844
92845
92849
92851
92852
92854
92855
92856
92858
92859
92860
92861
92862
92864
92865
92866
92870
92872
92874
92877
92879
92881
92882
92884
92885
92887
92888
92889
92891
92892
92893
92894
92895
92897
92898
92899
92900
92905
92906
92907
92908
92909
92910
92911
92912
92916
92917
92918
92919
92922
92923
92926
92927
92929
92930
92931
92933
92935
92937
92938
92940
92941
92944
92945
92946
92950
92951
92956
92959
92960
92961
92962
92963
92964
92965
92966
92967
92968
92972
92973
92974
92975
92976
92978
92979
92981
92985
92986
92988
92990
92991
92995
92997
92998
92999
93001
93002
93004
93005
93006
93007
93008
93009
93010
93012
93013
93014
93015
93016
93017
93019
93023
93024
93025
93026
93028
93029
93030
93031
93032
93033
93037
93038
93039
93040
93042
93043
93044
93048
93050
93051
93052
93057
93059
93060
93067
93068
93069
93070
93072
93075
93076
93077
93078
93079
93081
93083
93084
93085
93086
93088
93089
93090
93091
93093
93094
93095
93096
93102
93105
93106
93107
93108
93109
93110
93111
93113
93114
93115
93116
93117
93119
93120
93122
93123
93124
93125
93126
93127
93129
93131
93134
93138
93139
93140
93142
93143
93144
93146
93151
93152
93153
93156
93157
93159
93164
93165
93167
93169
93170
93171
93172
93173
93174
93176
93179
93180
93181
93183
93184
93187
93190
93191
93195
93196
93198
93199
93200
93201
93206
93207
93208
93210
93211
93212
93213
93214
93215
93216
93217
93219
93220
93221
93222
93224
93225
93226
93227
93228
93231
93232
93233
93234
93235
93238
93240
93242
93245
93248
93249
93252
93254
93258
93259
93261
93262
93263
93264
93265
93266
93267
93269
93270
93273
93274
93276
93277
93279
93282
93283
93284
93286
93288
93290
93291
93292
93293
93294
93295
93296
93298
93299
93302
93304
93305
93306
93307
93310
93311
93315
93318
93321
93323
93326
93327
93328
93329
93332
93333
93334
93336
93337
93338
93341
93342
93344
93345
93348
93351
93352
93354
93355
93356
93358
93362
93364
93365
93366
93368
93369
93370
93372
93373
93374
93375
93376
93378
93380
93381
93382
93383
93385
93389
93390
93395
93397
93398
93401
93404
93405
93406
93409
93410
93411
93412
93413
93415
93418
93420
93422
93423
93424
93425
93429
93430
93431
93434
93437
93438
93439
93441
93442
93443
93444
93445
93446
93447
93448
93452
93455
93456
93457
93458
93460
93464
93465
93466
93467
93469
93470
93472
93474
93475
93476
93477
93478
93481
93483
93485
93486
93488
93491
93492
93493
93494
93495
93496
93497
93500
93501
93502
93503
93504
93506
93507
93509
93510
93515
93516
93517
93518
93519
93521
93522
93523
93524
93527
93528
93530
93531
93533
93534
93537
93539
93540
93542
93543
93547
93548
93549
93551
93552
93553
93554
93555
93556
93557
93558
93559
93563
93566
93568
93569
93570
93571
93572
93574
93576
93577
93578
93579
93580
93582
93584
93586
93588
93589
93591
93592
93593
93594
93597
93598
93599
93600
93602
93603
93604
93605
93607
93609
93610
93611
93613
93615
93616
93617
93619
93621
93624
93625
93626
93627
93628
93629
93630
93631
93635
93640
93647
93649
93652
93653
93654
93657
93658
93659
93660
93662
93665
93666
93667
93674
93676
93682
93683
93684
93685
93687
93688
93689
93690
93691
93692
93693
93699
93700
93701
93702
93704
93705
93706
93708
93709
93710
93711
93712
93713
93714
93715
93716
93718
93721
93722
93723
93725
93726
93728
93729
93730
93732
93733
93734
93735
93737
93739
93740
93742
93745
93747
93748
93749
93750
93751
93752
93753
93755
93756
93758
93759
93760
93762
93763
93764
93767
93769
93772
93775
93778
93779
93780
93781
93782
93783
93785
93787
93789
93790
93791
93792
93793
93794
93795
93796
93798
93799
93800
93802
93804
93805
93807
93808
93809
93812
93813
93818
93819
93820
93822
93823
93825
93826
93828
93829
93830
93832
93833
93834
93835
93836
93837
93838
93842
93843
93847
93849
93850
93851
93854
93856
93857
93858
93860
93861
93863
93864
93865
93866
93868
93869
93874
93875
93876
93877
93878
93880
93890
93893
93894
93895
93899
93900
93901
93902
93903
93906
93907
93908
93909
93910
93912
93913
93914
93919
93921
93922
93923
93925
93927
93929
93930
93931
93932
93934
93935
93936
93937
93938
93940
93944
93945
93946
93947
93949
93950
93951
93952
93953
93957
93958
93960
93961
93962
93964
93965
93967
93969
93970
93971
93973
93974
93976
93979
93980
93982
93983
93984
93985
93986
93987
93989
93991
93992
93993
93994
93996
94000
94001
94002
94003
94004
94005
94008
94010
94011
94014
94019
94020
94021
94022
94023
94024
94025
94026
94027
94028
94029
94030
94031
94032
94034
94035
94037
94038
94039
94040
94041
94045
94048
94049
94050
94051
94052
94054
94056
94057
94058
94059
94060
94061
94067
94069
94070
94071
94072
94073
94075
94076
94077
94078
94080
94081
94082
94083
94085
94087
94089
94091
94093
94095
94096
94097
94100
94102
94103
94104
94105
94107
94108
94109
94110
94111
94113
94114
94116
94117
94120
94123
94124
94127
94128
94129
94133
94137
94138
94139
94140
94141
94142
94143
94144
94145
94146
94147
94148
94149
94151
94152
94154
94155
94156
94158
94162
94164
94165
94167
94168
94169
94170
94173
94179
94180
94181
94183
94185
94186
94187
94188
94189
94191
94192
94193
94194
94196
94198
94199
94201
94203
94204
94210
94211
94213
94215
94216
94217
94219
94220
94221
94222
94224
94226
94228
94231
94232
94233
94235
94236
94237
94239
94242
94243
94244
94245
94247
94248
94249
94252
94253
94254
94255
94256
94259
94260
94264
94266
94267
94268
94269
94270
94273
94274
94275
94276
94277
94278
94280
94281
94282
94284
94285
94287
94288
94289
94290
94292
94293
94294
94296
94297
94298
94300
94302
94305
94307
94308
94309
94311
94313
94315
94316
94317
94318
94319
94320
94321
94322
94324
94326
94327
94329
94330
94331
94333
94334
94335
94336
94339
94340
94342
94344
94345
94347
94349
94350
94351
94352
94353
94355
94357
94358
94359
94360
94361
94363
94364
94366
94368
94369
94372
94373
94374
94375
94378
94380
94382
94383
94385
94386
94388
94389
94391
94393
94394
94396
94397
94400
94401
94402
94403
94404
94405
94406
94410
94412
94414
94415
94416
94417
94418
94419
94420
94421
94423
94424
94426
94427
94428
94431
94432
94433
94436
94438
94444
94445
94446
94449
94451
94452
94456
94457
94458
94459
94462
94463
94464
94465
94466
94467
94468
94469
94470
94471
94473
94474
94475
94478
94479
94482
94483
94487
94490
94491
94492
94493
94495
94496
94497
94498
94499
94504
94505
94508
94511
94513
94515
94516
94520
94521
94522
94523
94524
94525
94526
94530
94531
94535
94536
94538
94539
94543
94546
94548
94551
94554
94555
94557
94558
94559
94560
94562
94564
94565
94566
94567
94568
94570
94571
94572
94573
94574
94575
94576
94578
94579
94582
94585
94586
94590
94591
94593
94594
94595
94596
94598
94600
94601
94603
94605
94606
94608
94610
94612
94613
94615
94616
94619
94623
94624
94626
94629
94630
94631
94633
94634
94635
94638
94639
94640
94641
94642
94646
94647
94648
94650
94651
94654
94655
94656
94657
94658
94660
94663
94664
94665
94666
94667
94669
94670
94671
94672
94674
94675
94677
94681
94682
94684
94685
94688
94689
94690
94692
94693
94699
94701
94704
94705
94706
94708
94709
94710
94715
94717
94719
94720
94724
94726
94728
94729
94730
94731
94733
94734
94735
94737
94739
94741
94742
94744
94745
94746
94747
94749
94752
94753
94754
94755
94756
94757
94759
94761
94762
94763
94764
94765
94767
94768
94769
94770
94771
94772
94773
94774
94775
94778
94779
94781
94783
94785
94786
94787
94788
94789
94791
94792
94793
94795
94796
94797
94799
94800
94801
94802
94803
94804
94806
94807
94808
94809
94810
94811
94813
94814
94815
94816
94817
94818
94820
94822
94823
94826
94827
94828
94831
94833
94834
94835
94837
94838
94840
94841
94843
94844
94845
94846
94847
94848
94851
94852
94855
94856
94860
94861
94862
94863
94864
94865
94866
94867
94868
94869
94870
94871
94872
94873
94874
94875
94878
94879
94880
94881
94884
94885
94889
94890
94891
94892
94893
94894
94895
94896
94897
94903
94905
94906
94907
94910
94914
94915
94916
94917
94919
94920
94921
94922
94923
94925
94927
94928
94929
94930
94931
94934
94935
94936
94937
94938
94941
94942
94943
94946
94947
94949
94951
94953
94954
94955
94956
94958
94959
94960
94961
94962
94963
94965
94966
94967
94968
94969
94971
94972
94973
94974
94975
94976
94977
94978
94979
94980
94982
94983
94985
94986
94987
94988
94991
94992
94993
94996
94997
94998
94999
95000
95004
95005
95006
95008
95009
95010
95011
95012
95014
95015
95016
95017
95019
95022
95023
95024
95026
95028
95029
95032
95036
95037
95039
95040
95043
95044
95045
95046
95048
95049
95050
95051
95053
95054
95056
95057
95059
95060
95061
95063
95064
95065
95068
95069
95070
95072
95073
95075
95076
95077
95079
95080
95082
95083
95087
95088
95090
95091
95092
95093
95094
95096
95097
95098
95100
95104
95105
95106
95107
95108
95109
95111
95112
95113
95116
95118
95119
95120
95121
95125
95126
95127
95129
95130
95131
95135
95136
95137
95140
95141
95142
95143
95144
95145
95146
95147
95148
95149
95150
95152
95154
95155
95156
95157
95159
95160
95161
95163
95165
95166
95168
95169
95170
95171
95172
95175
95176
95177
95178
95180
95182
95183
95184
95186
95188
95189
95190
95191
95195
95197
95199
95201
95202
95203
95204
95206
95207
95208
95210
95213
95214
95215
95217
95220
95221
95224
95225
95226
95229
95230
95231
95233
95238
95239
95241
95243
95246
95250
95251
95252
95254
95255
95258
95259
95261
95262
95263
95266
95268
95270
95271
95272
95273
95274
95277
95278
95279
95281
95285
95286
95292
95293
95295
95298
95299
95300
95302
95304
95305
95308
95309
95311
95313
95314
95315
95319
95320
95321
95322
95323
95325
95326
95327
95330
95331
95333
95336
95338
95340
95341
95342
95343
95346
95348
95350
95351
95355
95356
95357
95363
95364
95368
95369
95370
95372
95373
95374
95376
95377
95378
95379
95380
95383
95384
95385
95386
95389
95392
95393
95399
95400
95402
95403
95404
95405
95406
95409
95410
95412
95413
95414
95415
95417
95418
95419
95420
95423
95424
95425
95427
95428
95429
95436
95437
95438
95440
95441
95442
95443
95445
95446
95449
95450
95451
95452
95453
95455
95456
95457
95458
95460
95461
95462
95463
95464
95465
95466
95467
95469
95470
95471
95472
95474
95476
95478
95479
95480
95481
95482
95483
95484
95485
95486
95488
95489
95491
95493
95496
95497
95498
95500
95503
95507
95508
95509
95510
95512
95513
95514
95515
95516
95517
95519
95520
95521
95522
95524
95525
95529
95530
95531
95533
95538
95539
95540
95542
95543
95544
95545
95546
95550
95552
95553
95554
95555
95556
95557
95558
95560
95561
95562
95564
95565
95566
95567
95568
95570
95571
95573
95574
95575
95576
95578
95579
95581
95583
95584
95585
95586
95588
95589
95591
95593
95596
95598
95599
95601
95604
95605
95606
95607
95613
95616
95617
95619
95620
95621
95623
95624
95626
95628
95629
95630
95631
95632
95634
95635
95636
95637
95638
95640
95641
95644
95645
95646
95648
95649
95650
95652
95656
95659
95661
95662
95663
95664
95665
95666
95667
95669
95670
95673
95674
95677
95678
95679
95680
95681
95683
95684
95685
95687
95688
95689
95690
95691
95693
95694
95695
95698
95699
95701
95702
95703
95704
95705
95706
95707
95709
95710
95711
95713
95718
95720
95721
95722
95724
95725
95727
95728
95729
95730
95732
95736
95737
95738
95739
95741
95743
95745
95747
95749
95750
95754
95755
95756
95759
95760
95765
95766
95770
95771
95772
95774
95775
95780
95782
95783
95785
95786
95787
95789
95790
95793
95795
95797
95801
95803
95808
95810
95812
95813
95814
95816
95817
95820
95821
95822
95825
95826
95829
95830
95831
95835
95838
95839
95840
95841
95842
95843
95845
95847
95851
95852
95853
95854
95855
95859
95860
95861
95862
95863
95869
95870
95871
95872
95874
95875
95876
95879
95880
95881
95882
95884
95885
95886
95889
95891
95895
95896
95897
95898
95899
95901
95902
95905
95910
95911
95912
95913
95914
95916
95919
95920
95922
95923
95924
95925
95926
95927
95928
95929
95930
95932
95933
95934
95935
95937
95941
95942
95943
95947
95949
95950
95951
95954
95955
95956
95957
95958
95959
95964
95965
95966
95967
95968
95969
95970
95971
95973
95975
95978
95979
95980
95981
95982
95984
95988
95990
95991
95992
95993
95994
95999
96000
96001
96002
96003
96005
96007
96008
96010
96011
96012
96013
96015
96017
96019
96020
96021
96022
96023
96024
96025
96028
96029
96031
96033
96034
96035
96036
96037
96039
96040
96041
96044
96049
96050
96052
96053
96054
96056
96057
96061
96062
96063
96065
96066
96067
96068
96069
96070
96073
96075
96076
96077
96078
96079
96082
96083
96085
96086
96088
96090
96091
96093
96094
96095
96096
96097
96098
96099
96101
96103
96104
96106
96107
96109
96111
96112
96117
96118
96120
96121
96124
96126
96128
96130
96131
96132
96133
96134
96138
96139
96141
96142
96145
96147
96150
96152
96156
96157
96158
96161
96162
96165
96166
96167
96171
96173
96174
96175
96177
96180
96181
96184
96185
96186
96187
96188
96189
96190
96192
96196
96197
96199
96202
96204
96205
96206
96207
96209
96210
96211
96212
96214
96215
96216
96217
96219
96220
96221
96222
96223
96224
96225
96228
96229
96230
96235
96238
96240
96241
96243
96244
96246
96248
96250
96251
96253
96258
96259
96261
96263
96264
96265
96266
96267
96268
96271
96272
96274
96276
96277
96278
96279
96283
96284
96289
96290
96292
96293
96294
96295
96298
96299
96301
96302
96304
96305
96307
96308
96309
96310
96312
96314
96315
96316
96318
96321
96322
96323
96324
96326
96328
96329
96330
96332
96333
96335
96336
96337
96338
96340
96344
96345
96347
96349
96350
96351
96352
96353
96354
96355
96357
96359
96361
96364
96365
96366
96367
96369
96370
96371
96372
96375
96378
96380
96382
96384
96385
96386
96387
96388
96390
96391
96394
96395
96396
96397
96399
96400
96401
96405
96406
96408
96409
96410
96411
96412
96413
96414
96415
96416
96417
96419
96422
96423
96424
96425
96426
96427
96429
96430
96432
96434
96435
96436
96440
96442
96446
96447
96449
96451
96452
96453
96454
96455
96456
96458
96459
96460
96461
96462
96464
96466
96467
96468
96470
96472
96474
96475
96477
96480
96481
96482
96483
96485
96486
96488
96490
96492
96493
96494
96496
96499
96500
96501
96502
96503
96505
96506
96507
96508
96510
96511
96513
96515
96517
96519
96520
96521
96522
96523
96524
96525
96526
96527
96528
96529
96530
96531
96532
96533
96534
96535
96536
96540
96542
96543
96544
96547
96549
96550
96551
96554
96556
96557
96558
96561
96564
96565
96566
96567
96568
96569
96571
96575
96576
96577
96578
96580
96581
96582
96583
96584
96586
96587
96588
96589
96590
96591
96592
96593
96595
96596
96597
96598
96599
96600
96602
96603
96604
96605
96606
96607
96608
96609
96611
96612
96613
96614
96615
96616
96619
96620
96621
96622
96623
96624
96625
96626
96627
96628
96630
96631
96632
96634
96637
96638
96639
96641
96642
96644
96647
96648
96652
96653
96654
96655
96656
96657
96658
96660
96662
96663
96666
96667
96669
96670
96674
96675
96676
96680
96683
96684
96685
96686
96688
96689
96690
96691
96692
96696
96697
96698
96701
96702
96704
96705
96706
96707
96710
96711
96714
96715
96716
96717
96718
96719
96720
96722
96723
96726
96727
96728
96730
96731
96733
96735
96736
96738
96741
96742
96744
96745
96748
96750
96752
96754
96756
96757
96758
96759
96760
96761
96762
96763
96765
96766
96770
96772
96773
96774
96775
96777
96778
96780
96781
96782
96785
96786
96787
96788
96789
96791
96792
96794
96796
96798
96799
96801
96802
96803
96804
96805
96806
96808
96809
96811
96812
96814
96815
96816
96818
96821
96822
96823
96825
96826
96827
96828
96829
96831
96832
96833
96834
96835
96837
96838
96839
96844
96845
96846
96848
96849
96850
96855
96856
96857
96860
96861
96865
96866
96867
96870
96872
96873
96876
96878
96879
96881
96882
96883
96884
96885
96889
96890
96892
96893
96895
96897
96898
96901
96902
96904
96905
96906
96910
96911
96912
96913
96914
96915
96916
96917
96918
96919
96921
96922
96923
96924
96925
96928
96932
96933
96934
96936
96937
96938
96940
96941
96942
96944
96945
96947
96948
96949
96951
96953
96956
96957
96958
96959
96960
96961
96965
96966
96967
96968
96970
96971
96972
96973
96975
96976
96978
96980
96981
96982
96985
96986
96987
96989
96990
96992
96995
96998
97000
97004
97006
97007
97008
97010
97011
97013
97014
97016
97017
97018
97019
97020
97021
97023
97027
97028
97029
97031
97037
97038
97040
97043
97044
97045
97047
97052
97053
97055
97056
97057
97059
97064
97066
97067
97070
97071
97073
97074
97076
97077
97078
97079
97080
97081
97083
97084
97085
97086
97088
97089
97090
97091
97092
97093
97094
97098
97099
97101
97102
97104
97105
97106
97107
97108
97111
97112
97114
97120
97121
97122
97125
97126
97127
97130
97132
97133
97134
97137
97138
97140
97142
97143
97144
97146
97148
97149
97150
97151
97152
97153
97154
97155
97156
97157
97158
97159
97162
97163
97164
97165
97166
97168
97169
97170
97171
97172
97174
97176
97181
97182
97184
97185
97186
97187
97188
97189
97190
97191
97193
97194
97195
97196
97199
97200
97201
97202
97203
97204
97206
97207
97208
97209
97210
97211
97212
97213
97214
97215
97217
97218
97219
97220
97221
97224
97227
97228
97229
97233
97234
97235
97236
97237
97238
97239
97240
97241
97242
97243
97244
97247
97249
97250
97251
97253
97254
97256
97257
97258
97259
97260
97261
97263
97264
97266
97267
97268
97269
97270
97272
97273
97274
97276
97277
97279
97280
97281
97283
97284
97285
97286
97287
97288
97289
97293
97294
97295
97298
97299
97301
97302
97303
97309
97311
97312
97313
97314
97315
97316
97317
97318
97319
97320
97321
97323
97324
97328
97330
97331
97332
97333
97335
97338
97340
97341
97343
97344
97345
97347
97348
97349
97350
97351
97353
97357
97359
97361
97363
97366
97368
97369
97372
97373
97374
97377
97379
97380
97381
97382
97383
97388
97390
97391
97392
97394
97395
97398
97401
97402
97403
97404
97407
97409
97417
97418
97419
97420
97422
97423
97424
97425
97426
97428
97429
97430
97433
97434
97435
97436
97437
97440
97443
97444
97446
97447
97448
97450
97451
97452
97453
97454
97455
97457
97459
97461
97462
97463
97464
97465
97466
97467
97468
97470
97471
97473
97474
97475
97476
97477
97480
97481
97484
97485
97486
97489
97492
97493
97495
97496
97497
97498
97502
97503
97505
97506
97508
97509
97510
97513
97514
97515
97516
97517
97519
97521
97522
97523
97524
97526
97527
97529
97531
97532
97533
97535
97536
97538
97539
97540
97542
97543
97546
97549
97550
97551
97555
97556
97557
97559
97560
97563
97564
97565
97567
97568
97569
97571
97572
97575
97577
97578
97579
97580
97582
97583
97585
97586
97587
97588
97589
97591
97593
97596
97599
97600
97602
97604
97605
97606
97610
97611
97612
97613
97614
97616
97618
97619
97621
97622
97624
97625
97626
97627
97629
97631
97633
97634
97635
97639
97643
97644
97645
97649
97650
97651
97655
97656
97658
97659
97662
97663
97664
97665
97666
97668
97670
97673
97674
97676
97678
97681
97682
97683
97685
97686
97687
97688
97691
97692
97695
97697
97698
97699
97702
97703
97706
97708
97709
97710
97711
97713
97715
97719
97721
97722
97723
97724
97726
97727
97728
97731
97733
97734
97736
97737
97738
97740
97742
97743
97748
97749
97750
97751
97753
97755
97756
97758
97761
97762
97765
97767
97768
97769
97770
97772
97773
97774
97775
97777
97778
97781
97782
97784
97785
97787
97788
97789
97790
97792
97793
97795
97798
97799
97801
97802
97807
97808
97810
97811
97813
97814
97815
97816
97817
97818
97823
97824
97828
97829
97830
97831
97832
97833
97836
97839
97840
97841
97842
97843
97845
97846
97847
97848
97850
97852
97853
97854
97855
97856
97857
97858
97859
97860
97861
97862
97865
97867
97868
97869
97870
97873
97874
97875
97877
97879
97880
97882
97883
97884
97885
97886
97887
97889
97890
97892
97893
97894
97895
97896
97900
97901
97903
97904
97906
97907
97909
97913
97915
97917
97919
97921
97923
97924
97925
97926
97927
97928
97929
97930
97931
97932
97933
97934
97935
97937
97938
97944
97948
97949
97950
97953
97956
97959
97960
97961
97962
97963
97964
97965
97966
97969
97970
97972
97973
97974
97975
97977
97978
97979
97983
97984
97985
97987
97988
97990
97991
97992
97997
97998
98002
98003
98007
98008
98009
98010
98011
98012
98013
98014
98016
98017
98018
98020
98021
98025
98026
98027
98028
98029
98030
98032
98034
98036
98037
98038
98039
98041
98042
98045
98046
98048
98049
98054
98055
98056
98057
98058
98059
98061
98062
98063
98064
98065
98068
98069
98071
98072
98076
98077
98079
98080
98081
98083
98084
98085
98086
98087
98088
98089
98090
98091
98092
98095
98096
98097
98098
98099
98100
98102
98104
98105
98106
98107
98109
98110
98112
98113
98114
98115
98117
98118
98119
98120
98121
98124
98127
98129
98131
98132
98133
98137
98138
98140
98141
98142
98143
98145
98147
98150
98152
98153
98155
98161
98163
98167
98168
98169
98171
98172
98173
98174
98176
98177
98180
98183
98184
98185
98186
98188
98189
98191
98193
98195
98198
98199
98200
98201
98202
98203
98205
98207
98208
98210
98212
98213
98217
98219
98222
98224
98225
98226
98228
98231
98232
98233
98235
98238
98242
98243
98244
98245
98246
98247
98248
98249
98250
98252
98254
98255
98258
98260
98262
98263
98264
98265
98267
98268
98269
98271
98275
98276
98277
98278
98279
98281
98282
98283
98284
98286
98287
98289
98292
98294
98298
98299
98300
98301
98302
98305
98306
98307
98308
98309
98311
98313
98314
98316
98318
98322
98323
98324
98326
98328
98329
98331
98336
98339
98340
98341
98342
98343
98344
98347
98348
98349
98351
98353
98356
98358
98359
98361
98363
98364
98365
98367
98368
98374
98375
98376
98378
98381
98382
98383
98384
98386
98387
98388
98389
98390
98391
98392
98395
98397
98400
98401
98403
98406
98408
98410
98411
98413
98415
98416
98417
98419
98420
98421
98422
98423
98424
98425
98429
98431
98432
98433
98434
98436
98438
98440
98446
98447
98448
98450
98451
98452
98453
98455
98460
98462
98463
98464
98465
98466
98467
98470
98472
98474
98475
98477
98479
98480
98481
98482
98483
98485
98486
98487
98488
98490
98491
98492
98493
98494
98495
98496
98497
98499
98500
98501
98502
98504
98505
98511
98512
98513
98517
98520
98521
98522
98523
98524
98527
98532
98535
98536
98537
98538
98539
98540
98542
98543
98544
98546
98548
98549
98550
98552
98553
98555
98556
98558
98559
98561
98564
98565
98566
98568
98569
98571
98572
98573
98575
98576
98578
98581
98584
98588
98589
98590
98592
98594
98596
98597
98600
98601
98604
98605
98606
98608
98613
98614
98615
98616
98617
98619
98621
98622
98625
98626
98627
98629
98635
98636
98642
98644
98645
98647
98650
98651
98652
98653
98657
98659
98660
98662
98663
98665
98666
98667
98669
98670
98673
98674
98675
98677
98678
98679
98680
98681
98682
98683
98684
98686
98689
98693
98694
98695
98696
98697
98698
98699
98700
98701
98704
98705
98706
98709
98710
98712
98713
98720
98721
98722
98723
98724
98725
98726
98727
98728
98729
98730
98731
98733
98734
98735
98736
98740
98742
98744
98747
98749
98750
98752
98754
98756
98757
98759
98760
98762
98764
98765
98766
98767
98768
98770
98772
98773
98774
98775
98776
98777
98779
98780
98785
98786
98789
98790
98794
98795
98796
98800
98802
98803
98806
98807
98808
98811
98812
98813
98815
98816
98817
98818
98819
98820
98821
98824
98825
98826
98828
98829
98830
98833
98835
98837
98838
98839
98840
98842
98843
98848
98851
98853
98854
98858
98859
98860
98861
98862
98863
98865
98868
98869
98870
98871
98872
98874
98875
98878
98881
98882
98884
98885
98886
98887
98888
98890
98891
98894
98895
98896
98897
98898
98899
98902
98903
98905
98906
98907
98909
98910
98912
98913
98915
98920
98921
98922
98924
98925
98928
98929
98930
98931
98936
98939
98940
98941
98942
98943
98944
98945
98946
98947
98948
98950
98951
98952
98953
98954
98955
98956
98957
98958
98960
98963
98964
98967
98969
98970
98971
98972
98973
98975
98976
98979
98981
98982
98984
98986
98988
98990
98992
98994
98998
99003
99004
99007
99008
99009
99010
99013
99014
99015
99016
99017
99018
99020
99021
99022
99023
99026
99028
99029
99031
99032
99034
99037
99038
99039
99041
99043
99047
99048
99050
99053
99054
99055
99058
99059
99060
99061
99062
99063
99064
99065
99066
99067
99069
99070
99071
99073
99075
99077
99078
99079
99080
99081
99083
99086
99088
99089
99090
99091
99092
99094
99095
99096
99097
99098
99099
99102
99103
99104
99106
99107
99109
99110
99111
99112
99117
99119
99122
99123
99125
99126
99127
99128
99132
99133
99134
99135
99136
99140
99143
99144
99146
99148
99150
99151
99152
99154
99156
99157
99158
99159
99160
99161
99164
99165
99170
99173
99176
99177
99178
99179
99181
99183
99184
99185
99186
99188
99189
99190
99192
99193
99194
99196
99197
99198
99199
99202
99204
99205
99206
99207
99210
99211
99212
99213
99214
99216
99217
99218
99219
99220
99222
99223
99224
99226
99227
99230
99231
99234
99235
99236
99238
99239
99240
99241
99243
99244
99249
99250
99252
99253
99255
99259
99260
99261
99263
99265
99266
99267
99268
99269
99274
99275
99276
99278
99279
99281
99282
99283
99285
99287
99288
99289
99290
99292
99293
99294
99295
99296
99297
99298
99299
99300
99303
99304
99307
99308
99313
99314
99318
99320
99321
99322
99324
99325
99329
99330
99331
99333
99334
99335
99339
99340
99341
99342
99343
99344
99346
99347
99348
99350
99351
99355
99357
99358
99359
99361
99363
99365
99368
99369
99370
99372
99374
99375
99376
99377
99379
99382
99383
99384
99387
99388
99391
99393
99395
99396
99398
99400
99401
99404
99405
99406
99407
99409
99412
99413
99414
99417
99418
99419
99420
99421
99422
99423
99424
99426
99428
99430
99432
99433
99434
99435
99437
99439
99440
99441
99442
99443
99444
99446
99447
99448
99449
99455
99456
99457
99458
99461
99464
99465
99467
99471
99473
99474
99475
99476
99477
99483
99484
99485
99486
99487
99488
99489
99490
99491
99492
99493
99494
99502
99503
99504
99505
99507
99509
99512
99515
99516
99517
99518
99519
99522
99523
99524
99526
99527
99529
99530
99531
99532
99534
99536
99538
99539
99541
99542
99544
99545
99547
99549
99550
99551
99554
99555
99556
99557
99560
99561
99562
99563
99565
99567
99569
99572
99576
99577
99578
99579
99580
99581
99582
99583
99584
99585
99586
99589
99590
99594
99596
99598
99600
99602
99603
99604
99606
99607
99608
99610
99611
99613
99614
99615
99620
99621
99622
99626
99627
99629
99630
99634
99635
99636
99637
99638
99640
99643
99646
99647
99648
99649
99650
99652
99653
99654
99655
99657
99660
99663
99664
99665
99666
99667
99669
99670
99671
99672
99674
99676
99678
99679
99681
99682
99683
99685
99686
99687
99688
99691
99693
99698
99710
99713
99716
99717
99719
99720
99721
99722
99723
99726
99736
99737
99738
99739
99740
99741
99744
99748
99749
99750
99752
99754
99758
99759
99760
99761
99762
99763
99764
99767
99768
99769
99770
99772
99773
99774
99775
99776
99777
99778
99779
99783
99786
99787
99789
99791
99792
99793
99796
99797
99798
99799
99800
99803
99804
99806
99807
99808
99810
99812
99813
99814
99816
99817
99818
99820
99822
99824
99825
99826
99827
99828
99829
99830
99831
99832
99833
99834
99835
99836
99837
99838
99841
99843
99844
99845
99846
99849
99850
99851
99852
99855
99856
99859
99860
99861
99863
99864
99865
99866
99867
99868
99869
99872
99873
99876
99878
99879
99880
99881
99882
99883
99884
99886
99889
99890
99892
99894
99896
99897
99898
99899
99900
99901
99902
99903
99904
99905
99906
99907
99908
99909
99910
99911
99913
99916
99917
99918
99919
99920
99923
99926
99928
99929
99934
99935
99938
99939
99941
99944
99945
99947
99948
99949
99953
99956
99957
99958
99960
99962
99963
99964
99965
99966
99967
99968
99969
99970
99973
99975
99976
99978
99979
99981
99983
99985
99986
99989
99990
99991
99992
99994
99997
99998
99999
