1
2
4
5
7
8
10
11
13
14
15
17
18
20
22
23
25
27
28
31
32
33
34
35
39
40
42
43
44
45
48
50
52
54
55
56
57
58
59
60
61
62
64
66
67
68
69
72
73
74
78
79
80
81
82
83
86
87
89
91
92
93
97
98
100
101
103
104
105
106
107
110
111
113
115
116
118
120
121
123
126
127
129
130
131
132
135
136
137
138
141
142
143
144
145
146
148
150
151
154
155
156
157
158
159
160
161
163
164
167
168
169
170
171
173
175
176
180
182
184
185
186
187
193
195
196
197
198
199
200
202
203
207
208
211
212
213
215
216
217
219
220
221
222
224
226
228
229
238
239
241
242
243
244
245
246
247
248
249
250
251
252
255
256
257
258
259
262
263
264
265
266
267
268
269
270
271
272
274
277
278
279
280
281
282
284
285
286
287
288
290
291
292
294
295
296
297
298
299
300
303
304
306
309
310
311
312
314
315
316
317
319
321
322
323
325
326
327
328
330
331
334
335
336
337
338
339
341
343
345
346
348
349
350
351
353
355
356
357
358
359
360
361
364
366
367
369
372
373
375
376
378
380
382
384
387
389
390
391
392
394
395
397
398
399
402
404
407
409
410
411
412
413
414
415
416
418
420
421
423
426
427
429
430
431
432
434
435
436
437
438
439
440
441
444
445
447
448
449
451
453
454
455
456
457
458
459
460
463
465
466
467
468
469
470
472
473
474
475
478
479
480
481
485
486
487
488
490
491
493
495
496
498
499
500
501
502
503
504
505
506
508
510
511
512
513
514
515
517
518
520
521
522
523
524
526
527
528
529
530
531
532
533
534
535
536
537
538
540
543
544
545
546
549
550
551
552
553
556
559
560
561
563
565
567
569
570
571
573
575
576
578
579
580
581
583
584
585
587
589
591
593
594
599
600
601
602
603
606
607
608
612
613
614
615
616
617
618
619
620
622
623
624
625
626
628
629
632
633
635
637
638
639
640
641
642
643
644
645
646
647
649
650
652
654
655
656
657
658
660
662
664
665
667
671
672
673
674
675
677
678
679
680
683
685
686
687
688
692
697
699
700
701
703
707
708
709
711
712
714
715
716
718
719
720
722
723
724
729
730
731
732
734
735
737
738
739
742
744
745
746
749
750
751
753
756
759
760
761
762
763
767
769
771
772
773
774
777
778
780
781
782
783
785
786
787
788
789
791
794
796
797
799
800
801
803
805
806
809
810
811
812
813
814
815
820
822
823
826
827
830
832
835
836
838
840
843
845
846
847
848
849
850
851
852
854
855
856
857
860
861
862
863
864
865
868
869
871
872
874
875
878
880
881
882
884
886
887
889
891
892
893
900
901
902
907
908
910
911
912
913
914
918
919
920
923
925
926
928
929
930
931
933
934
935
937
938
939
940
941
942
946
947
949
950
951
952
955
958
960
964
966
968
972
973
974
975
976
977
978
980
981
983
984
985
986
987
988
990
993
995
996
997
1000
1003
1004
1005
1006
1007
1009
1010
1011
1012
1013
1015
1016
1017
1019
1022
1024
1025
1026
1027
1029
1030
1031
1032
1034
1036
1037
1038
1039
1043
1044
1046
1047
1048
1051
1055
1057
1058
1060
1061
1062
1063
1064
1068
1069
1072
1074
1077
1079
1080
1082
1083
1086
1088
1089
1091
1092
1093
1094
1095
1096
1097
1098
1100
1102
1103
1105
1106
1108
1111
1113
1115
1116
1117
1119
1120
1122
1123
1125
1126
1129
1131
1132
1135
1138
1139
1140
1142
1144
1145
1146
1148
1149
1151
1152
1153
1155
1156
1158
1159
1160
1161
1162
1164
1165
1166
1167
1168
1169
1171
1172
1175
1176
1177
1178
1182
1187
1188
1190
1192
1193
1195
1196
1198
1199
1200
1202
1203
1205
1206
1209
1210
1213
1214
1215
1216
1217
1219
1221
1222
1223
1224
1227
1228
1229
1231
1232
1233
1234
1235
1237
1238
1239
1240
1241
1242
1244
1245
1247
1248
1249
1250
1251
1252
1254
1256
1257
1258
1259
1260
1261
1262
1263
1264
1266
1268
1272
1274
1275
1276
1277
1278
1280
1282
1283
1284
1285
1286
1287
1288
1290
1293
1294
1296
1297
1298
1302
1303
1304
1305
1306
1308
1309
1310
1312
1313
1314
1315
1317
1322
1323
1327
1328
1332
1333
1336
1337
1339
1340
1341
1343
1344
1345
1350
1352
1353
1354
1356
1357
1359
1360
1362
1364
1365
1366
1367
1368
1369
1370
1371
1372
1374
1375
1377
1378
1381
1383
1387
1389
1390
1391
1392
1393
1394
1396
1397
1399
1400
1404
1405
1406
1407
1409
1410
1411
1412
1413
1414
1415
1417
1419
1420
1423
1425
1427
1428
1429
1430
1432
1434
1435
1437
1438
1440
1441
1442
1443
1444
1445
1446
1448
1453
1454
1455
1456
1457
1458
1460
1461
1464
1466
1467
1468
1469
1470
1471
1472
1473
1477
1479
1480
1481
1485
1486
1488
1490
1492
1494
1495
1496
1503
1504
1505
1506
1508
1509
1512
1513
1514
1515
1516
1517
1520
1521
1522
1524
1525
1526
1527
1529
1530
1532
1534
1536
1538
1539
1540
1541
1542
1543
1545
1548
1550
1552
1553
1554
1555
1558
1559
1561
1562
1564
1566
1568
1569
1570
1572
1573
1575
1576
1577
1578
1579
1580
1584
1585
1586
1588
1590
1592
1593
1594
1595
1596
1597
1598
1599
1600
1601
1602
1604
1606
1608
1609
1611
1612
1613
1614
1616
1617
1618
1619
1621
1622
1624
1625
1626
1628
1629
1631
1632
1635
1636
1637
1639
1640
1641
1644
1646
1647
1648
1649
1650
1651
1652
1653
1654
1655
1659
1661
1662
1663
1664
1665
1668
1671
1672
1676
1678
1679
1680
1681
1682
1686
1687
1688
1690
1691
1693
1694
1695
1697
1698
1699
1702
1706
1708
1709
1711
1712
1715
1717
1718
1719
1721
1723
1724
1725
1726
1727
1728
1729
1732
1734
1735
1736
1737
1738
1739
1741
1742
1743
1746
1748
1750
1752
1753
1754
1756
1758
1759
1760
1762
1763
1764
1765
1766
1767
1770
1772
1774
1775
1776
1777
1778
1781
1783
1786
1788
1790
1794
1796
1799
1800
1806
1807
1808
1810
1811
1812
1813
1814
1815
1816
1817
1819
1822
1823
1824
1825
1827
1828
1829
1830
1832
1833
1834
1835
1836
1837
1840
1842
1844
1845
1846
1847
1848
1851
1852
1853
1854
1855
1856
1858
1859
1862
1863
1864
1865
1867
1868
1869
1870
1872
1873
1876
1877
1879
1880
1881
1882
1883
1886
1888
1891
1893
1894
1895
1896
1897
1898
1899
1901
1902
1903
1904
1905
1906
1908
1909
1910
1911
1913
1914
1915
1916
1917
1919
1923
1924
1925
1927
1928
1929
1930
1931
1932
1933
1935
1936
1939
1940
1941
1942
1943
1945
1947
1948
1949
1951
1955
1956
1958
1959
1960
1961
1962
1963
1964
1965
1966
1968
1969
1970
1971
1974
1975
1977
1978
1979
1980
1981
1984
1987
1988
1989
1990
1993
1994
1995
1997
1998
1999
2000
2001
2003
2004
2005
2006
2007
2008
2009
2010
2011
2012
2013
2014
2016
2017
2018
2020
2023
2024
2026
2027
2028
2029
2030
2032
2033
2038
2040
2042
2043
2047
2051
2052
2053
2054
2058
2060
2061
2062
2063
2064
2065
2068
2069
2071
2072
2073
2074
2078
2079
2080
2081
2084
2085
2086
2087
2088
2090
2091
2094
2095
2096
2097
2098
2099
2101
2102
2103
2107
2108
2109
2110
2111
2116
2117
2118
2120
2121
2124
2125
2126
2127
2128
2130
2131
2133
2134
2135
2138
2141
2144
2146
2148
2149
2150
2152
2154
2156
2158
2159
2160
2161
2162
2163
2164
2167
2170
2172
2173
2174
2175
2176
2177
2179
2180
2181
2182
2183
2185
2186
2187
2188
2189
2190
2191
2192
2193
2199
2201
2204
2205
2206
2209
2210
2211
2212
2213
2214
2215
2216
2217
2218
2219
2220
2221
2222
2224
2225
2226
2227
2228
2229
2230
2231
2232
2234
2235
2236
2237
2238
2240
2241
2242
2243
2244
2246
2248
2249
2252
2255
2256
2257
2258
2259
2260
2261
2262
2263
2270
2271
2273
2276
2277
2278
2279
2281
2286
2287
2288
2290
2291
2292
2293
2297
2298
2299
2300
2301
2302
2303
2304
2305
2306
2308
2309
2310
2311
2312
2314
2315
2317
2318
2319
2320
2322
2323
2325
2326
2327
2328
2329
2330
2332
2333
2334
2335
2336
2337
2339
2340
2342
2343
2344
2345
2346
2348
2350
2355
2356
2357
2358
2359
2360
2361
2362
2363
2364
2365
2367
2371
2372
2373
2375
2376
2380
2381
2383
2384
2385
2386
2387
2388
2390
2391
2394
2395
2396
2398
2399
2400
2401
2403
2404
2405
2407
2408
2409
2410
2412
2413
2415
2416
2417
2420
2421
2423
2425
2426
2427
2428
2429
2431
2432
2433
2436
2437
2439
2441
2442
2444
2445
2446
2448
2449
2450
2452
2454
2456
2457
2459
2461
2463
2465
2466
2467
2468
2471
2473
2475
2476
2483
2485
2486
2487
2488
2489
2492
2493
2494
2496
2497
2498
2499
2503
2504
2505
2506
2507
2510
2511
2512
2514
2515
2516
2517
2518
2521
2524
2525
2526
2527
2528
2529
2530
2531
2532
2533
2534
2535
2536
2539
2541
2542
2543
2545
2547
2548
2550
2552
2553
2555
2556
2557
2558
2559
2560
2561
2562
2563
2564
2565
2566
2567
2571
2572
2576
2577
2578
2579
2581
2582
2583
2584
2586
2588
2591
2592
2593
2594
2597
2599
2600
2601
2603
2605
2606
2607
2608
2611
2612
2613
2614
2617
2618
2619
2621
2622
2624
2625
2626
2627
2628
2631
2632
2633
2634
2635
2639
2641
2643
2644
2645
2647
2649
2653
2654
2655
2656
2657
2658
2660
2661
2663
2665
2669
2670
2671
2672
2673
2674
2675
2677
2678
2679
2681
2682
2684
2685
2686
2687
2688
2689
2690
2691
2692
2694
2695
2698
2699
2702
2704
2708
2711
2712
2713
2716
2722
2723
2725
2726
2731
2732
2733
2735
2736
2737
2739
2740
2741
2742
2744
2745
2747
2749
2750
2751
2753
2757
2758
2759
2763
2764
2765
2766
2767
2768
2769
2770
2772
2774
2776
2777
2778
2779
2780
2783
2786
2787
2789
2790
2792
2794
2796
2798
2799
2800
2802
2803
2805
2806
2809
2810
2811
2813
2814
2816
2817
2818
2820
2821
2823
2824
2828
2829
2830
2831
2833
2836
2837
2839
2840
2846
2847
2848
2851
2852
2854
2857
2861
2862
2864
2865
2866
2868
2869
2870
2871
2876
2877
2878
2879
2880
2881
2882
2884
2887
2888
2889
2890
2891
2892
2897
2898
2900
2901
2902
2904
2905
2908
2909
2910
2912
2915
2917
2918
2920
2921
2923
2927
2929
2930
2931
2932
2933
2937
2939
2947
2948
2949
2951
2952
2954
2955
2957
2958
2959
2961
2962
2964
2967
2968
2969
2971
2972
2973
2975
2977
2978
2979
2980
2981
2982
2984
2985
2986
2988
2989
2990
2991
2992
2993
2994
2995
2997
2998
3000
3003
3005
3006
3007
3012
3015
3016
3017
3020
3022
3023
3026
3028
3029
3030
3031
3032
3035
3036
3037
3041
3042
3043
3044
3047
3048
3049
3050
3051
3052
3053
3056
3057
3058
3061
3062
3063
3064
3065
3066
3067
3068
3070
3071
3073
3074
3075
3078
3080
3081
3083
3085
3086
3088
3089
3090
3091
3093
3094
3095
3097
3099
3100
3101
3102
3104
3105
3106
3107
3112
3114
3115
3116
3117
3118
3120
3121
3124
3125
3127
3128
3130
3133
3135
3136
3137
3139
3140
3142
3143
3144
3145
3146
3148
3149
3150
3151
3153
3154
3157
3159
3160
3161
3162
3164
3166
3168
3171
3173
3174
3175
3176
3182
3183
3185
3186
3187
3188
3189
3190
3192
3193
3194
3195
3197
3201
3202
3204
3206
3207
3210
3211
3213
3216
3217
3218
3219
3221
3223
3225
3226
3227
3230
3231
3233
3234
3236
3237
3238
3240
3241
3242
3243
3244
3246
3248
3249
3250
3251
3253
3255
3256
3258
3259
3260
3261
3263
3265
3266
3267
3268
3270
3271
3272
3274
3279
3282
3284
3285
3286
3288
3289
3293
3294
3296
3297
3298
3299
3302
3304
3305
3306
3308
3309
3310
3311
3312
3313
3319
3320
3322
3324
3325
3326
3327
3329
3331
3332
3333
3334
3335
3336
3337
3340
3341
3343
3344
3345
3346
3347
3348
3349
3351
3352
3353
3354
3355
3356
3359
3360
3361
3362
3363
3364
3365
3366
3367
3368
3369
3371
3373
3374
3375
3376
3377
3378
3380
3381
3382
3384
3385
3389
3390
3391
3393
3395
3396
3397
3398
3399
3400
3401
3402
3403
3404
3405
3410
3411
3412
3413
3414
3415
3416
3417
3418
3420
3421
3423
3424
3426
3427
3428
3429
3430
3432
3435
3436
3437
3438
3439
3440
3441
3443
3444
3445
3448
3450
3453
3454
3455
3456
3457
3458
3460
3462
3463
3465
3466
3468
3469
3473
3474
3477
3482
3483
3484
3485
3487
3488
3489
3490
3491
3495
3496
3497
3499
3502
3503
3505
3506
3507
3508
3509
3511
3512
3514
3517
3518
3519
3522
3523
3527
3528
3529
3530
3531
3536
3538
3540
3541
3542
3543
3544
3546
3547
3548
3549
3550
3551
3552
3554
3556
3557
3558
3559
3561
3563
3565
3566
3568
3569
3570
3571
3577
3581
3582
3585
3587
3588
3589
3591
3592
3593
3594
3595
3598
3600
3601
3602
3606
3607
3608
3610
3611
3612
3613
3614
3615
3616
3617
3618
3619
3620
3621
3622
3623
3624
3626
3627
3628
3629
3633
3634
3636
3637
3638
3639
3640
3641
3643
3644
3645
3646
3647
3648
3649
3650
3651
3652
3653
3654
3655
3657
3659
3660
3662
3663
3666
3667
3668
3671
3673
3678
3682
3686
3687
3689
3690
3692
3695
3697
3698
3699
3703
3704
3705
3708
3709
3711
3712
3714
3715
3716
3717
3718
3721
3723
3726
3728
3730
3734
3736
3737
3739
3740
3742
3743
3744
3745
3747
3750
3751
3756
3757
3758
3759
3762
3763
3764
3765
3766
3767
3768
3769
3770
3771
3772
3773
3775
3777
3779
3781
3782
3783
3784
3785
3786
3787
3788
3789
3790
3793
3794
3797
3798
3799
3803
3805
3806
3810
3811
3812
3813
3816
3818
3819
3820
3822
3823
3824
3825
3827
3830
3833
3834
3837
3839
3840
3841
3842
3843
3844
3845
3847
3850
3851
3853
3854
3855
3856
3859
3860
3861
3863
3864
3865
3867
3868
3870
3871
3874
3875
3876
3877
3879
3880
3882
3884
3885
3889
3890
3893
3894
3895
3897
3900
3901
3902
3903
3904
3905
3906
3907
3908
3909
3911
3912
3913
3915
3916
3917
3923
3925
3926
3930
3931
3935
3937
3939
3941
3942
3944
3946
3947
3948
3949
3950
3951
3952
3953
3955
3956
3958
3959
3960
3962
3964
3968
3969
3971
3972
3974
3976
3977
3978
3979
3980
3982
3983
3984
3985
3987
3990
3991
3992
3993
3994
3995
4000
4002
4004
4007
4008
4009
4011
4012
4014
4016
4017
4018
4019
4020
4021
4022
4023
4025
4026
4027
4028
4031
4032
4033
4035
4036
4038
4039
4040
4041
4042
4043
4044
4045
4048
4049
4051
4053
4054
4055
4056
4060
4061
4062
4063
4064
4065
4066
4067
4068
4070
4073
4074
4076
4077
4079
4080
4081
4082
4083
4084
4085
4086
4088
4090
4092
4093
4094
4096
4097
4099
4101
4104
4106
4109
4110
4112
4113
4114
4116
4117
4118
4119
4120
4122
4123
4124
4125
4126
4127
4128
4129
4130
4131
4135
4136
4138
4139
4140
4141
4142
4143
4146
4147
4150
4151
4154
4155
4156
4157
4158
4159
4161
4162
4163
4164
4165
4167
4168
4169
4172
4173
4174
4175
4176
4178
4179
4180
4182
4183
4184
4185
4187
4189
4191
4192
4193
4194
4196
4197
4198
4199
4200
4201
4203
4206
4208
4210
4211
4213
4214
4215
4216
4217
4218
4221
4223
4225
4226
4227
4228
4229
4230
4231
4232
4233
4234
4235
4236
4238
4239
4240
4241
4243
4245
4247
4248
4249
4250
4251
4252
4254
4255
4256
4257
4258
4260
4261
4263
4265
4267
4269
4270
4271
4272
4273
4275
4276
4278
4279
4280
4281
4284
4286
4287
4288
4290
4292
4294
4295
4296
4299
4300
4301
4302
4303
4304
4306
4308
4312
4313
4315
4316
4318
4320
4321
4322
4323
4325
4326
4327
4331
4332
4333
4335
4336
4337
4340
4341
4343
4344
4347
4349
4350
4351
4352
4353
4354
4358
4360
4361
4364
4365
4367
4372
4373
4375
4376
4378
4381
4382
4385
4387
4388
4389
4391
4392
4395
4396
4397
4399
4400
4401
4404
4407
4409
4411
4412
4413
4414
4415
4416
4420
4422
4423
4424
4426
4427
4428
4431
4432
4434
4436
4438
4439
4440
4444
4445
4446
4447
4448
4449
4450
4451
4453
4454
4455
4456
4457
4458
4459
4463
4464
4465
4466
4470
4471
4472
4473
4476
4477
4481
4482
4483
4485
4488
4489
4490
4492
4494
4495
4497
4501
4502
4504
4505
4507
4508
4513
4514
4515
4516
4520
4521
4524
4525
4526
4529
4531
4532
4533
4535
4536
4538
4539
4540
4541
4542
4543
4545
4546
4551
4552
4554
4555
4558
4559
4560
4562
4564
4565
4566
4568
4569
4570
4571
4572
4573
4575
4576
4577
4580
4582
4583
4584
4585
4586
4588
4590
4591
4592
4593
4597
4598
4601
4602
4604
4606
4608
4610
4611
4612
4615
4616
4619
4621
4622
4624
4628
4629
4630
4631
4632
4635
4636
4637
4640
4642
4643
4644
4647
4650
4651
4653
4656
4660
4665
4667
4668
4670
4671
4672
4673
4674
4678
4679
4681
4683
4685
4686
4687
4688
4689
4690
4691
4692
4693
4694
4696
4697
4698
4699
4700
4702
4704
4706
4709
4711
4712
4713
4714
4715
4716
4717
4718
4719
4720
4721
4723
4724
4725
4728
4730
4732
4734
4736
4737
4738
4740
4741
4742
4743
4745
4748
4751
4752
4753
4754
4755
4756
4759
4760
4761
4764
4766
4767
4768
4769
4771
4772
4773
4774
4775
4777
4778
4779
4780
4781
4782
4786
4790
4791
4793
4794
4795
4796
4799
4800
4801
4804
4805
4807
4808
4809
4810
4811
4812
4813
4815
4816
4817
4818
4823
4826
4828
4829
4831
4833
4834
4835
4839
4840
4843
4844
4846
4847
4849
4850
4851
4858
4859
4860
4861
4863
4864
4865
4866
4869
4870
4871
4873
4874
4875
4877
4878
4879
4881
4882
4883
4884
4885
4886
4887
4888
4891
4892
4900
4901
4903
4904
4905
4906
4909
4910
4912
4913
4914
4917
4919
4920
4921
4922
4923
4924
4925
4926
4927
4929
4931
4932
4933
4934
4936
4939
4940
4941
4943
4947
4948
4951
4953
4954
4955
4959
4960
4961
4962
4965
4968
4970
4973
4976
4977
4980
4981
4982
4983
4984
4986
4987
4988
4989
4990
4991
4992
4994
4997
5002
5003
5005
5006
5007
5008
5010
5011
5012
5013
5015
5016
5019
5021
5023
5025
5026
5028
5029
5030
5031
5032
5035
5037
5038
5039
5040
5041
5042
5045
5046
5047
5048
5049
5050
5053
5054
5055
5056
5057
5058
5061
5064
5066
5068
5069
5070
5071
5072
5073
5075
5076
5077
5078
5083
5084
5085
5086
5087
5088
5089
5090
5091
5092
5096
5097
5098
5099
5102
5105
5108
5109
5110
5111
5113
5114
5115
5117
5119
5120
5121
5122
5123
5126
5128
5130
5133
5134
5135
5136
5137
5138
5139
5140
5141
5142
5143
5145
5146
5147
5148
5149
5150
5151
5153
5154
5155
5156
5159
5160
5161
5162
5164
5165
5168
5170
5171
5173
5174
5175
5176
5177
5178
5179
5180
5183
5184
5185
5186
5190
5191
5192
5196
5197
5198
5201
5204
5205
5206
5207
5208
5209
5212
5213
5214
5217
5218
5219
5221
5222
5223
5224
5227
5228
5229
5230
5231
5232
5233
5236
5237
5238
5239
5240
5242
5244
5245
5246
5248
5249
5250
5252
5253
5254
5255
5257
5260
5262
5263
5264
5265
5266
5268
5269
5270
5271
5272
5274
5275
5276
5279
5280
5281
5284
5289
5291
5292
5293
5294
5295
5296
5299
5300
5301
5303
5304
5305
5306
5309
5310
5312
5314
5315
5316
5317
5320
5321
5323
5324
5325
5328
5330
5331
5332
5333
5335
5337
5338
5342
5343
5345
5346
5348
5349
5350
5352
5354
5355
5356
5358
5359
5360
5361
5362
5363
5365
5366
5367
5368
5369
5371
5373
5375
5376
5377
5378
5379
5381
5383
5384
5385
5387
5390
5391
5392
5394
5395
5396
5397
5399
5403
5404
5405
5408
5410
5411
5412
5413
5414
5415
5416
5417
5419
5420
5421
5424
5425
5426
5428
5429
5430
5431
5432
5433
5434
5435
5436
5437
5438
5439
5440
5441
5443
5444
5446
5448
5450
5451
5452
5453
5456
5457
5458
5459
5461
5466
5467
5470
5471
5472
5475
5476
5480
5481
5482
5483
5484
5485
5487
5490
5491
5492
5493
5494
5497
5498
5499
5500
5502
5503
5505
5508
5509
5510
5511
5512
5514
5515
5516
5518
5520
5521
5522
5524
5525
5526
5527
5528
5529
5530
5533
5534
5540
5541
5543
5545
5546
5547
5549
5550
5554
5556
5557
5558
5559
5564
5567
5568
5571
5572
5573
5578
5579
5580
5581
5582
5583
5584
5585
5589
5590
5591
5592
5593
5594
5596
5597
5598
5599
5601
5602
5603
5604
5607
5609
5610
5613
5615
5619
5621
5623
5624
5625
5626
5627
5628
5629
5630
5631
5632
5637
5638
5639
5641
5642
5643
5645
5646
5647
5648
5650
5652
5653
5654
5655
5656
5657
5658
5659
5661
5662
5664
5665
5666
5667
5668
5672
5673
5674
5675
5676
5677
5678
5680
5681
5682
5684
5685
5689
5690
5691
5692
5693
5698
5699
5700
5703
5706
5707
5708
5709
5710
5711
5713
5714
5715
5716
5717
5718
5719
5720
5721
5725
5728
5729
5730
5731
5732
5735
5737
5738
5739
5740
5741
5742
5744
5745
5747
5748
5749
5750
5751
5752
5754
5755
5758
5761
5762
5763
5764
5765
5766
5767
5768
5769
5770
5773
5774
5776
5778
5779
5780
5781
5782
5783
5784
5785
5786
5787
5789
5790
5792
5793
5794
5796
5799
5800
5802
5803
5804
5805
5806
5807
5809
5812
5813
5814
5815
5816
5817
5818
5819
5820
5821
5824
5825
5826
5827
5829
5830
5831
5832
5834
5836
5837
5843
5845
5847
5848
5849
5850
5851
5853
5854
5857
5861
5862
5863
5866
5867
5868
5869
5870
5873
5877
5879
5880
5882
5883
5884
5886
5887
5888
5890
5891
5893
5897
5899
5901
5902
5903
5904
5906
5907
5908
5910
5914
5916
5917
5920
5921
5924
5926
5927
5928
5929
5930
5931
5935
5936
5937
5938
5941
5942
5946
5947
5950
5951
5953
5955
5956
5957
5958
5959
5960
5961
5962
5963
5964
5965
5966
5969
5970
5971
5972
5973
5974
5978
5979
5980
5982
5984
5985
5987
5988
5989
5991
5992
5993
5995
5996
5997
5998
6000
6002
6003
6004
6005
6008
6010
6012
6013
6014
6015
6017
6020
6021
6023
6025
6027
6032
6033
6035
6036
6037
6038
6041
6042
6044
6045
6047
6048
6050
6051
6053
6054
6055
6057
6058
6059
6062
6064
6065
6066
6067
6068
6071
6072
6073
6074
6075
6076
6077
6078
6079
6080
6081
6082
6083
6084
6085
6086
6087
6088
6090
6091
6092
6093
6094
6096
6097
6098
6100
6101
6102
6105
6106
6108
6109
6112
6113
6114
6115
6116
6117
6120
6124
6128
6129
6130
6132
6134
6135
6136
6137
6138
6139
6141
6142
6144
6147
6148
6150
6153
6155
6156
6157
6164
6165
6166
6167
6169
6171
6172
6174
6175
6176
6180
6184
6185
6186
6187
6188
6189
6191
6193
6195
6197
6198
6206
6207
6208
6210
6211
6212
6213
6215
6216
6217
6218
6219
6220
6223
6227
6229
6230
6231
6232
6233
6234
6235
6238
6240
6241
6242
6244
6246
6250
6252
6253
6254
6257
6258
6261
6262
6265
6267
6268
6270
6271
6272
6273
6276
6277
6278
6280
6283
6284
6285
6286
6288
6289
6291
6292
6294
6297
6298
6299
6300
6301
6302
6303
6304
6306
6309
6310
6312
6313
6314
6315
6318
6320
6322
6323
6326
6328
6329
6330
6333
6334
6335
6336
6338
6341
6342
6343
6346
6347
6351
6352
6353
6354
6356
6357
6359
6360
6362
6363
6364
6365
6367
6371
6372
6373
6374
6375
6378
6379
6380
6385
6386
6387
6390
6391
6392
6394
6398
6400
6402
6403
6404
6405
6409
6412
6414
6416
6417
6419
6420
6422
6423
6426
6430
6431
6435
6436
6439
6440
6442
6443
6444
6445
6446
6447
6448
6449
6451
6452
6453
6454
6455
6458
6459
6460
6461
6462
6464
6466
6468
6469
6470
6471
6472
6474
6477
6478
6479
6481
6482
6483
6484
6485
6486
6487
6490
6492
6493
6494
6495
6497
6499
6500
6501
6502
6503
6505
6506
6508
6509
6510
6511
6512
6513
6514
6516
6517
6519
6520
6523
6524
6525
6527
6528
6529
6530
6533
6534
6535
6536
6539
6540
6541
6542
6547
6548
6549
6550
6551
6552
6553
6554
6555
6556
6557
6559
6560
6561
6564
6565
6568
6569
6570
6572
6574
6575
6578
6579
6580
6581
6582
6583
6584
6586
6587
6588
6589
6590
6591
6592
6593
6595
6596
6597
6598
6601
6603
6604
6607
6610
6611
6613
6616
6617
6618
6620
6623
6625
6628
6629
6630
6631
6632
6633
6634
6637
6638
6639
6640
6641
6643
6644
6648
6653
6654
6655
6656
6657
6658
6659
6660
6661
6662
6666
6668
6669
6670
6671
6672
6674
6675
6677
6678
6681
6682
6683
6684
6685
6686
6687
6689
6690
6691
6692
6693
6695
6696
6697
6698
6699
6700
6702
6704
6705
6706
6707
6710
6711
6715
6717
6718
6719
6721
6722
6723
6724
6726
6729
6731
6732
6733
6736
6737
6738
6739
6740
6741
6742
6744
6745
6746
6748
6750
6752
6754
6757
6759
6760
6761
6762
6764
6767
6768
6769
6770
6771
6773
6774
6776
6777
6779
6781
6782
6783
6784
6785
6788
6789
6791
6792
6796
6797
6798
6799
6801
6802
6803
6806
6807
6809
6811
6812
6813
6814
6816
6817
6818
6819
6820
6822
6823
6828
6830
6831
6833
6835
6836
6838
6839
6840
6841
6844
6845
6847
6848
6849
6850
6851
6852
6853
6856
6858
6859
6860
6863
6867
6868
6869
6871
6874
6875
6878
6879
6881
6883
6884
6885
6886
6887
6888
6891
6892
6895
6896
6900
6901
6902
6903
6905
6906
6907
6909
6910
6912
6913
6914
6915
6916
6918
6921
6922
6923
6925
6926
6927
6929
6930
6931
6937
6939
6940
6943
6945
6946
6947
6949
6953
6955
6957
6958
6959
6960
6962
6964
6965
6966
6967
6968
6969
6975
6976
6978
6980
6981
6983
6986
6989
6991
6992
6993
6995
6997
6998
7000
7001
7002
7004
7006
7007
7008
7009
7011
7012
7013
7014
7019
7020
7021
7024
7026
7028
7029
7033
7034
7036
7037
7040
7043
7044
7045
7046
7048
7050
7051
7052
7054
7056
7057
7058
7060
7061
7062
7064
7066
7067
7068
7070
7071
7072
7073
7074
7076
7079
7082
7083
7085
7086
7089
7090
7091
7092
7093
7095
7096
7097
7098
7099
7100
7101
7103
7104
7108
7110
7111
7113
7119
7120
7121
7122
7124
7125
7126
7128
7130
7131
7132
7133
7134
7135
7137
7139
7141
7142
7145
7147
7148
7149
7150
7151
7153
7154
7155
7156
7157
7158
7159
7160
7161
7163
7164
7165
7166
7167
7168
7169
7170
7171
7172
7173
7174
7176
7178
7179
7180
7181
7185
7187
7188
7189
7191
7192
7194
7195
7198
7201
7203
7206
7207
7208
7210
7212
7213
7214
7215
7216
7218
7219
7220
7221
7223
7227
7228
7229
7230
7232
7233
7234
7236
7237
7238
7240
7241
7242
7243
7244
7246
7249
7250
7251
7253
7255
7256
7258
7259
7260
7261
7266
7268
7271
7273
7274
7275
7278
7279
7280
7282
7284
7285
7290
7291
7293
7295
7296
7298
7300
7302
7304
7307
7308
7309
7310
7312
7313
7314
7315
7316
7318
7319
7321
7322
7323
7326
7329
7330
7332
7333
7335
7336
7338
7339
7342
7343
7344
7345
7346
7348
7349
7350
7353
7355
7356
7357
7358
7359
7360
7361
7367
7370
7371
7372
7373
7374
7377
7378
7379
7382
7383
7384
7385
7386
7387
7394
7395
7396
7397
7398
7399
7400
7403
7406
7407
7408
7409
7410
7411
7412
7413
7414
7415
7416
7418
7419
7421
7422
7424
7425
7426
7427
7429
7432
7433
7434
7435
7437
7438
7439
7440
7441
7443
7444
7446
7447
7448
7449
7450
7452
7453
7454
7456
7458
7459
7460
7462
7463
7464
7466
7468
7469
7470
7472
7473
7474
7475
7476
7477
7478
7480
7482
7483
7484
7485
7486
7489
7490
7493
7494
7495
7496
7497
7498
7499
7500
7502
7504
7505
7507
7508
7509
7510
7511
7513
7515
7517
7518
7519
7520
7521
7523
7524
7525
7527
7528
7529
7530
7531
7533
7537
7538
7540
7541
7543
7545
7546
7547
7548
7549
7551
7552
7554
7555
7557
7563
7564
7565
7566
7567
7568
7569
7570
7571
7572
7573
7576
7577
7578
7579
7580
7581
7582
7585
7587
7588
7591
7592
7594
7595
7596
7597
7600
7602
7604
7605
7608
7609
7610
7612
7614
7617
7618
7619
7621
7622
7623
7625
7626
7628
7629
7630
7631
7632
7636
7638
7641
7642
7643
7645
7647
7649
7650
7653
7654
7655
7656
7658
7660
7661
7662
7663
7665
7666
7668
7670
7671
7672
7674
7679
7680
7681
7682
7683
7684
7685
7686
7687
7689
7691
7692
7693
7694
7695
7696
7697
7698
7699
7701
7702
7706
7707
7708
7709
7711
7713
7714
7715
7716
7717
7718
7720
7722
7723
7724
7726
7727
7729
7730
7731
7734
7735
7738
7739
7740
7742
7745
7746
7747
7748
7750
7751
7753
7754
7755
7756
7757
7758
7759
7760
7762
7766
7768
7770
7771
7772
7773
7774
7777
7778
7779
7780
7782
7783
7785
7789
7790
7792
7794
7795
7796
7800
7801
7802
7803
7806
7807
7808
7809
7811
7812
7814
7816
7817
7819
7820
7822
7823
7824
7825
7826
7828
7829
7830
7831
7832
7833
7835
7836
7838
7839
7841
7842
7843
7845
7848
7852
7854
7856
7857
7858
7859
7860
7862
7865
7866
7868
7869
7870
7871
7872
7873
7874
7875
7876
7877
7879
7880
7885
7886
7887
7888
7889
7890
7891
7892
7893
7894
7896
7899
7900
7901
7902
7903
7905
7907
7909
7910
7911
7912
7913
7914
7917
7918
7919
7920
7921
7923
7924
7926
7928
7929
7930
7931
7932
7933
7942
7943
7945
7947
7949
7950
7951
7957
7958
7959
7960
7961
7962
7963
7966
7968
7970
7972
7973
7974
7977
7978
7979
7980
7984
7985
7986
7987
7988
7989
7991
7992
7994
7995
7996
7997
7999
8000
8001
8003
8004
8005
8006
8007
8012
8013
8014
8015
8016
8017
8018
8019
8021
8022
8023
8024
8026
8027
8028
8029
8030
8031
8032
8036
8038
8039
8040
8042
8043
8044
8046
8047
8048
8049
8050
8051
8052
8053
8054
8055
8056
8057
8058
8059
8061
8062
8064
8068
8069
8070
8071
8074
8075
8076
8080
8081
8083
8084
8085
8086
8088
8089
8090
8091
8092
8093
8094
8096
8097
8100
8103
8105
8106
8107
8108
8112
8114
8115
8118
8119
8120
8121
8123
8124
8126
8128
8130
8131
8134
8135
8136
8137
8138
8140
8142
8143
8144
8145
8147
8148
8150
8151
8153
8155
8156
8158
8159
8160
8161
8165
8166
8167
8171
8172
8174
8175
8178
8179
8181
8182
8183
8184
8185
8186
8189
8190
8192
8198
8199
8200
8202
8203
8204
8205
8206
8208
8209
8210
8211
8216
8218
8220
8221
8224
8226
8227
8228
8230
8232
8233
8235
8237
8238
8239
8241
8242
8243
8244
8246
8249
8250
8253
8256
8257
8259
8260
8263
8265
8267
8268
8269
8270
8271
8272
8273
8275
8279
8280
8282
8283
8284
8286
8287
8288
8289
8293
8294
8296
8297
8299
8301
8302
8303
8304
8306
8307
8308
8312
8313
8316
8319
8323
8324
8326
8328
8329
8330
8332
8334
8336
8337
8338
8339
8340
8341
8342
8346
8347
8348
8349
8351
8352
8353
8354
8358
8361
8362
8366
8368
8370
8372
8374
8375
8376
8378
8381
8382
8383
8384
8385
8389
8391
8395
8397
8398
8399
8400
8401
8403
8405
8406
8409
8411
8414
8415
8416
8417
8418
8419
8421
8422
8423
8425
8428
8433
8435
8436
8437
8438
8440
8443
8444
8445
8446
8448
8451
8452
8454
8460
8461
8463
8466
8468
8469
8473
8474
8475
8477
8478
8479
8480
8481
8483
8484
8485
8486
8487
8489
8491
8494
8496
8498
8499
8500
8501
8502
8505
8506
8510
8512
8514
8515
8516
8517
8519
8520
8521
8524
8525
8527
8529
8531
8532
8533
8534
8535
8537
8539
8540
8541
8542
8543
8545
8547
8548
8550
8552
8554
8555
8557
8558
8560
8561
8564
8567
8570
8571
8572
8574
8575
8577
8580
8581
8582
8583
8584
8586
8587
8588
8589
8590
8591
8592
8593
8594
8596
8597
8598
8600
8601
8603
8608
8609
8612
8613
8616
8617
8619
8620
8622
8624
8625
8627
8628
8631
8633
8634
8635
8636
8638
8642
8643
8645
8648
8650
8652
8654
8655
8656
8657
8658
8659
8660
8663
8665
8666
8668
8670
8671
8673
8678
8679
8680
8681
8682
8683
8685
8686
8687
8689
8691
8694
8696
8697
8698
8699
8700
8701
8702
8703
8704
8705
8706
8707
8708
8709
8710
8711
8712
8713
8714
8715
8718
8720
8721
8722
8723
8725
8727
8730
8731
8732
8733
8735
8736
8737
8738
8739
8740
8742
8743
8745
8748
8749
8750
8751
8753
8754
8755
8756
8757
8758
8759
8761
8763
8765
8769
8771
8772
8773
8775
8776
8777
8779
8781
8782
8783
8787
8788
8789
8790
8791
8792
8794
8795
8798
8801
8805
8806
8807
8808
8811
8813
8814
8815
8816
8818
8820
8821
8824
8827
8828
8829
8830
8831
8833
8835
8837
8838
8839
8840
8841
8844
8851
8852
8853
8855
8857
8858
8862
8864
8866
8868
8869
8870
8871
8872
8874
8876
8878
8879
8881
8886
8888
8890
8891
8892
8893
8894
8896
8898
8899
8900
8909
8911
8912
8913
8914
8915
8916
8917
8918
8919
8922
8923
8924
8926
8930
8931
8932
8933
8935
8936
8938
8939
8940
8941
8942
8945
8947
8948
8949
8954
8955
8956
8957
8958
8959
8961
8962
8964
8965
8966
8968
8970
8972
8973
8974
8975
8981
8982
8986
8989
8991
8993
8994
8997
8998
9002
9003
9004
9005
9009
9010
9012
9013
9015
9016
9017
9018
9019
9021
9025
9026
9028
9031
9032
9034
9036
9039
9041
9042
9043
9046
9052
9054
9055
9056
9057
9059
9061
9062
9063
9064
9065
9066
9067
9069
9071
9072
9073
9074
9076
9078
9082
9084
9085
9086
9088
9089
9091
9092
9093
9097
9098
9099
9101
9106
9107
9109
9110
9111
9113
9114
9115
9117
9118
9119
9121
9122
9123
9124
9125
9127
9129
9130
9132
9133
9134
9135
9136
9137
9140
9141
9142
9143
9144
9145
9149
9150
9151
9152
9153
9154
9155
9159
9161
9162
9163
9164
9165
9168
9169
9171
9172
9174
9175
9176
9177
9180
9187
9188
9189
9192
9193
9194
9195
9197
9198
9199
9202
9203
9207
9209
9210
9211
9214
9216
9217
9218
9220
9221
9222
9224
9228
9229
9230
9231
9232
9233
9236
9237
9238
9240
9241
9242
9250
9251
9252
9254
9256
9259
9260
9262
9263
9266
9267
9269
9273
9274
9275
9276
9279
9280
9281
9283
9284
9286
9287
9290
9295
9296
9298
9299
9302
9303
9304
9306
9307
9308
9309
9313
9314
9315
9316
9317
9318
9319
9320
9323
9325
9326
9328
9329
9331
9334
9335
9336
9337
9338
9339
9341
9342
9344
9345
9346
9349
9350
9351
9353
9354
9355
9357
9358
9364
9365
9366
9367
9370
9371
9372
9373
9374
9375
9376
9377
9378
9379
9380
9381
9383
9385
9386
9387
9390
9391
9392
9393
9394
9398
9400
9403
9404
9405
9406
9407
9409
9410
9411
9412
9413
9415
9416
9418
9419
9420
9424
9425
9427
9428
9429
9430
9431
9432
9435
9438
9439
9440
9444
9447
9448
9450
9451
9456
9457
9459
9460
9461
9463
9465
9467
9470
9471
9472
9473
9474
9475
9476
9478
9479
9480
9481
9483
9484
9485
9486
9489
9490
9492
9493
9494
9498
9499
9502
9503
9504
9505
9509
9511
9512
9514
9516
9517
9522
9525
9526
9529
9530
9531
9533
9536
9538
9539
9541
9542
9543
9544
9549
9551
9554
9556
9557
9559
9561
9562
9563
9564
9565
9566
9567
9574
9577
9579
9580
9581
9583
9585
9587
9590
9592
9594
9598
9599
9602
9603
9604
9605
9606
9607
9608
9609
9616
9617
9619
9620
9622
9623
9624
9625
9626
9628
9629
9631
9634
9636
9637
9640
9642
9643
9646
9647
9648
9649
9651
9652
9653
9654
9655
9656
9657
9659
9660
9661
9662
9663
9664
9665
9669
9671
9672
9673
9675
9676
9677
9678
9680
9681
9682
9684
9685
9686
9688
9689
9693
9696
9699
9700
9701
9703
9704
9705
9709
9710
9711
9713
9714
9715
9716
9717
9720
9721
9723
9724
9727
9728
9729
9732
9735
9737
9739
9740
9741
9743
9744
9747
9748
9749
9750
9751
9752
9753
9754
9755
9757
9758
9761
9762
9763
9764
9767
9768
9772
9773
9775
9779
9780
9782
9785
9787
9792
9793
9795
9797
9799
9801
9802
9803
9804
9805
9806
9807
9808
9809
9811
9812
9813
9815
9816
9818
9819
9821
9822
9823
9824
9826
9827
9828
9831
9832
9836
9837
9838
9839
9842
9843
9844
9845
9847
9848
9850
9851
9853
9854
9855
9856
9862
9863
9864
9868
9871
9873
9874
9876
9877
9880
9883
9884
9885
9887
9889
9891
9892
9895
9897
9899
9902
9903
9904
9906
9907
9910
9913
9914
9915
9916
9917
9918
9919
9920
9921
9922
9923
9924
9926
9927
9928
9929
9930
9933
9937
9938
9939
9941
9945
9946
9947
9949
9951
9952
9953
9954
9955
9956
9958
9959
9960
9962
9964
9965
9968
9970
9971
9972
9973
9974
9975
9976
9979
9983
9985
9988
9989
9990
9992
9993
9994
9995
9997
10000
10002
10004
10007
10010
10012
10014
10015
10018
10019
10021
10022
10024
10025
10026
10028
10029
10032
10033
10037
10038
10039
10040
10042
10043
10044
10045
10046
10047
10049
10050
10051
10052
10053
10054
10059
10060
10061
10062
10066
10067
10068
10070
10071
10072
10073
10074
10076
10077
10078
10079
10081
10082
10083
10084
10087
10089
10090
10092
10093
10099
10100
10101
10103
10104
10105
10106
10107
10108
10109
10111
10112
10113
10114
10115
10118
10121
10122
10125
10126
10127
10128
10129
10130
10131
10133
10134
10135
10136
10140
10143
10145
10147
10148
10149
10151
10152
10155
10156
10160
10164
10165
10167
10168
10169
10170
10172
10173
10174
10175
10176
10177
10179
10184
10188
10189
10190
10191
10194
10195
10196
10197
10198
10199
10200
10201
10204
10206
10207
10208
10209
10210
10211
10212
10215
10217
10218
10220
10221
10223
10225
10226
10228
10231
10234
10235
10238
10239
10240
10242
10243
10244
10247
10248
10249
10250
10251
10253
10255
10256
10258
10259
10260
10261
10262
10264
10266
10267
10268
10269
10270
10271
10280
10281
10282
10283
10284
10285
10287
10288
10289
10290
10292
10293
10294
10296
10299
10300
10302
10305
10307
10309
10310
10311
10312
10313
10314
10315
10317
10318
10319
10321
10322
10323
10326
10328
10330
10331
10332
10333
10335
10336
10338
10339
10340
10342
10343
10345
10348
10351
10354
10356
10357
10359
10360
10362
10363
10364
10366
10367
10368
10371
10372
10373
10374
10375
10377
10381
10383
10385
10386
10387
10388
10389
10391
10393
10394
10395
10398
10399
10400
10401
10403
10406
10407
10408
10410
10411
10412
10413
10415
10417
10418
10422
10423
10425
10429
10430
10432
10434
10435
10436
10439
10441
10445
10447
10451
10452
10453
10454
10456
10457
10459
10463
10464
10466
10467
10471
10473
10475
10476
10478
10479
10480
10482
10483
10485
10487
10488
10489
10492
10493
10494
10496
10497
10498
10500
10501
10504
10505
10507
10508
10510
10511
10512
10513
10516
10517
10520
10521
10523
10524
10525
10526
10527
10528
10531
10533
10535
10536
10538
10540
10541
10544
10545
10547
10549
10550
10551
10552
10557
10558
10559
10560
10561
10562
10563
10565
10566
10567
10568
10570
10572
10573
10574
10576
10578
10579
10581
10582
10584
10585
10586
10587
10588
10590
10591
10592
10593
10595
10596
10599
10600
10601
10602
10604
10606
10607
10608
10609
10611
10614
10615
10616
10618
10620
10621
10622
10625
10628
10629
10630
10631
10632
10633
10634
10635
10637
10639
10640
10641
10642
10644
10645
10646
10648
10649
10650
10651
10652
10653
10654
10655
10656
10657
10658
10660
10661
10664
10665
10666
10668
10669
10670
10672
10673
10674
10680
10681
10683
10685
10686
10687
10688
10690
10691
10692
10693
10694
10695
10700
10701
10702
10703
10705
10706
10707
10710
10712
10713
10714
10715
10716
10717
10718
10719
10720
10721
10722
10723
10725
10726
10727
10729
10734
10735
10736
10737
10738
10739
10740
10742
10747
10748
10749
10750
10754
10755
10756
10759
10760
10761
10762
10764
10767
10768
10771
10773
10774
10775
10776
10777
10778
10779
10782
10784
10785
10786
10787
10789
10790
10793
10794
10795
10796
10798
10799
10800
10801
10802
10803
10804
10805
10807
10808
10809
10812
10814
10815
10816
10818
10820
10824
10825
10828
10829
10830
10831
10832
10833
10834
10835
10836
10838
10840
10841
10842
10843
10847
10849
10851
10852
10853
10855
10856
10858
10859
10861
10862
10863
10865
10866
10868
10872
10873
10874
10875
10877
10879
10880
10881
10882
10885
10889
10890
10891
10892
10894
10897
10898
10899
10900
10901
10902
10903
10904
10905
10906
10907
10910
10911
10912
10913
10915
10916
10918
10920
10921
10922
10923
10924
10925
10926
10927
10928
10929
10931
10932
10933
10934
10936
10940
10941
10942
10943
10945
10946
10947
10949
10950
10952
10953
10955
10957
10960
10961
10963
10965
10967
10968
10969
10972
10973
10975
10976
10979
10980
10981
10982
10984
10985
10989
10991
10992
10993
10998
11000
11002
11003
11007
11008
11009
11010
11012
11013
11015
11017
11019
11020
11022
11023
11024
11026
11027
11028
11030
11032
11034
11035
11038
11039
11040
11041
11043
11045
11046
11047
11050
11051
11052
11053
11054
11055
11057
11058
11059
11061
11062
11064
11065
11066
11067
11070
11071
11072
11073
11074
11076
11077
11078
11079
11080
11083
11085
11086
11087
11089
11090
11091
11092
11093
11094
11095
11096
11101
11102
11105
11106
11107
11108
11111
11112
11115
11116
11118
11120
11121
11122
11123
11124
11125
11128
11129
11130
11132
11134
11135
11136
11137
11138
11139
11140
11142
11143
11144
11145
11146
11147
11148
11149
11150
11151
11152
11153
11157
11158
11161
11162
11164
11166
11168
11170
11171
11172
11173
11174
11175
11177
11178
11179
11180
11181
11183
11184
11185
11186
11187
11188
11190
11192
11193
11194
11195
11196
11197
11199
11201
11202
11204
11207
11208
11209
11210
11211
11214
11216
11218
11219
11220
11222
11223
11225
11226
11227
11228
11229
11230
11231
11233
11234
11235
11236
11237
11238
11244
11245
11246
11247
11248
11249
11250
11255
11256
11257
11259
11260
11262
11263
11264
11265
11266
11268
11269
11270
11271
11272
11274
11276
11277
11278
11279
11280
11282
11284
11285
11286
11289
11290
11294
11295
11296
11297
11298
11299
11301
11304
11305
11306
11307
11308
11309
11311
11313
11317
11318
11320
11322
11324
11325
11328
11330
11331
11332
11333
11334
11335
11340
11342
11345
11346
11348
11349
11352
11353
11354
11360
11361
11363
11364
11365
11366
11368
11369
11373
11374
11377
11378
11379
11380
11381
11382
11384
11385
11386
11387
11391
11392
11393
11394
11395
11397
11398
11399
11400
11401
11402
11403
11404
11405
11406
11407
11408
11409
11410
11412
11414
11415
11416
11419
11420
11421
11422
11424
11425
11426
11427
11428
11430
11431
11432
11433
11436
11438
11439
11440
11442
11443
11445
11447
11449
11450
11451
11452
11454
11459
11460
11461
11466
11469
11470
11471
11472
11473
11475
11476
11478
11480
11481
11483
11484
11485
11486
11489
11491
11492
11496
11497
11501
11502
11503
11504
11505
11509
11510
11511
11514
11516
11517
11518
11519
11520
11522
11523
11525
11526
11529
11532
11534
11535
11536
11537
11539
11541
11545
11546
11547
11548
11549
11550
11551
11554
11555
11558
11559
11560
11561
11562
11565
11566
11567
11569
11573
11576
11577
11578
11579
11580
11581
11582
11583
11584
11585
11586
11587
11588
11589
11590
11593
11595
11596
11597
11598
11599
11600
11601
11602
11603
11605
11606
11607
11608
11609
11611
11612
11613
11615
11616
11617
11618
11619
11621
11622
11623
11624
11626
11627
11628
11629
11630
11631
11632
11633
11634
11636
11639
11640
11641
11642
11643
11644
11645
11646
11647
11648
11650
11651
11653
11655
11657
11658
11661
11662
11664
11665
11666
11667
11668
11669
11670
11672
11676
11679
11680
11682
11683
11684
11686
11687
11691
11693
11695
11696
11697
11698
11700
11702
11704
11705
11708
11709
11710
11711
11713
11714
11715
11716
11717
11719
11721
11722
11727
11728
11730
11731
11732
11734
11735
11737
11739
11740
11741
11742
11743
11744
11745
11746
11747
11748
11749
11751
11752
11753
11754
11755
11758
11760
11761
11762
11764
11765
11766
11767
11770
11771
11778
11781
11782
11783
11784
11785
11787
11788
11789
11790
11791
11792
11793
11794
11796
11799
11800
11803
11805
11807
11809
11813
11815
11821
11822
11824
11825
11830
11832
11837
11838
11840
11841
11843
11844
11847
11848
11850
11853
11854
11855
11856
11857
11858
11859
11860
11861
11862
11863
11865
11867
11869
11870
11871
11872
11873
11875
11876
11877
11878
11879
11880
11882
11884
11885
11886
11888
11891
11892
11893
11894
11895
11896
11897
11898
11899
11900
11901
11902
11905
11906
11910
11915
11916
11918
11919
11920
11921
11922
11924
11925
11927
11928
11929
11933
11934
11936
11938
11939
11940
11941
11944
11945
11946
11947
11948
11952
11953
11956
11957
11958
11959
11961
11964
11965
11966
11969
11971
11972
11975
11976
11979
11980
11981
11983
11984
11985
11986
11987
11989
11990
11991
11992
11994
11995
11996
11998
11999
12000
12001
12003
12004
12006
12007
12009
12014
12016
12017
12022
12023
12024
12026
12028
12029
12031
12035
12039
12041
12044
12045
12046
12048
12049
12052
12053
12055
12056
12057
12058
12059
12060
12061
12064
12065
12067
12070
12072
12073
12074
12075
12079
12080
12081
12083
12084
12085
12086
12087
12088
12089
12092
12096
12097
12098
12099
12100
12101
12102
12103
12104
12105
12107
12109
12110
12112
12114
12116
12117
12118
12119
12120
12123
12124
12127
12131
12133
12138
12139
12142
12144
12145
12146
12147
12149
12150
12151
12153
12154
12157
12158
12159
12160
12161
12162
12163
12164
12165
12166
12167
12172
12173
12175
12178
12179
12180
12182
12185
12186
12187
12189
12191
12194
12195
12196
12198
12199
12200
12203
12204
12205
12207
12208
12209
12212
12213
12214
12215
12216
12217
12220
12221
12222
12223
12224
12225
12226
12228
12229
12230
12231
12232
12233
12235
12236
12238
12239
12240
12241
12244
12245
12246
12249
12252
12253
12254
12258
12259
12260
12261
12263
12264
12265
12267
12268
12269
12270
12271
12272
12273
12274
12275
12277
12279
12280
12282
12283
12284
12287
12289
12290
12294
12295
12296
12297
12298
12299
12303
12306
12307
12308
12309
12310
12311
12314
12316
12317
12320
12322
12325
12326
12327
12328
12329
12331
12332
12334
12337
12338
12339
12340
12341
12342
12343
12345
12349
12350
12352
12353
12354
12356
12358
12359
12360
12361
12362
12363
12364
12365
12366
12367
12368
12369
12370
12372
12373
12374
12375
12376
12377
12378
12379
12380
12382
12383
12384
12386
12387
12389
12392
12394
12395
12396
12398
12400
12401
12402
12403
12404
12407
12410
12411
12412
12414
12415
12419
12421
12423
12425
12426
12427
12428
12429
12432
12439
12442
12443
12444
12446
12449
12454
12456
12457
12458
12460
12461
12462
12463
12464
12468
12470
12471
12472
12474
12475
12478
12480
12482
12483
12484
12485
12487
12489
12490
12492
12494
12495
12497
12498
12500
12501
12505
12506
12507
12508
12510
12513
12520
12521
12522
12523
12524
12525
12526
12527
12530
12531
12534
12535
12537
12539
12542
12543
12544
12545
12547
12548
12549
12550
12551
12553
12554
12556
12558
12559
12560
12562
12563
12564
12565
12567
12570
12572
12574
12576
12577
12579
12580
12581
12582
12586
12593
12595
12596
12598
12599
12602
12603
12605
12606
12607
12608
12609
12610
12612
12613
12616
12617
12619
12621
12622
12623
12625
12626
12627
12628
12630
12631
12632
12633
12634
12636
12637
12639
12640
12641
12643
12644
12645
12646
12648
12649
12651
12652
12653
12654
12658
12661
12662
12663
12664
12666
12668
12669
12670
12672
12673
12675
12676
12678
12679
12682
12683
12685
12687
12689
12691
12692
12694
12698
12699
12700
12704
12706
12707
12710
12711
12712
12713
12714
12716
12717
12718
12719
12720
12722
12727
12729
12731
12732
12733
12735
12736
12737
12739
12741
12742
12743
12744
12745
12746
12748
12750
12751
12753
12757
12759
12760
12763
12765
12766
12768
12769
12771
12772
12773
12774
12776
12777
12778
12779
12782
12783
12784
12785
12786
12787
12788
12789
12790
12791
12795
12796
12797
12798
12799
12802
12803
12804
12805
12806
12810
12811
12812
12814
12816
12819
12822
12824
12825
12826
12827
12828
12829
12830
12832
12834
12836
12838
12839
12840
12842
12844
12845
12848
12849
12850
12851
12854
12855
12857
12858
12861
12864
12865
12866
12867
12868
12870
12872
12873
12874
12875
12876
12877
12879
12881
12882
12883
12884
12885
12886
12887
12888
12889
12890
12891
12893
12896
12898
12899
12900
12901
12902
12903
12904
12906
12907
12909
12910
12911
12912
12913
12915
12916
12917
12919
12920
12921
12922
12923
12924
12925
12926
12927
12930
12932
12933
12934
12935
12937
12938
12940
12941
12942
12944
12946
12948
12949
12950
12951
12953
12955
12956
12958
12959
12960
12961
12964
12965
12967
12968
12969
12970
12971
12975
12977
12978
12979
12980
12981
12983
12984
12985
12986
12987
12988
12989
12990
12991
12992
12993
12999
13001
13004
13006
13007
13008
13009
13010
13012
13013
13014
13015
13017
13018
13019
13022
13025
13027
13030
13031
13032
13034
13035
13037
13038
13039
13041
13042
13043
13045
13046
13051
13053
13054
13056
13057
13058
13059
13060
13061
13064
13065
13066
13068
13072
13074
13075
13076
13078
13080
13081
13082
13084
13087
13088
13089
13091
13092
13093
13094
13095
13096
13098
13099
13102
13103
13104
13106
13107
13108
13109
13110
13111
13112
13113
13116
13118
13120
13123
13124
13125
13129
13130
13131
13132
13133
13134
13135
13139
13141
13143
13146
13147
13149
13150
13151
13152
13153
13155
13156
13158
13160
13162
13163
13165
13166
13169
13170
13172
13173
13174
13176
13177
13178
13181
13182
13183
13184
13185
13186
13187
13189
13192
13193
13194
13195
13196
13197
13204
13205
13208
13209
13211
13212
13213
13215
13216
13218
13219
13220
13221
13223
13224
13225
13226
13227
13228
13231
13232
13236
13237
13238
13239
13240
13242
13243
13245
13246
13247
13249
13251
13252
13253
13255
13257
13258
13263
13264
13266
13267
13269
13270
13271
13273
13275
13277
13279
13280
13281
13282
13283
13284
13285
13287
13288
13289
13292
13295
13296
13297
13302
13304
13306
13308
13311
13315
13316
13318
13319
13320
13322
13323
13325
13326
13328
13332
13334
13335
13337
13338
13340
13341
13342
13343
13344
13347
13350
13352
13353
13354
13355
13357
13359
13360
13362
13364
13366
13368
13369
13370
13371
13373
13374
13375
13376
13378
13380
13382
13384
13385
13386
13388
13389
13392
13394
13395
13396
13398
13399
13400
13401
13403
13404
13405
13406
13407
13408
13409
13410
13411
13416
13417
13421
13423
13425
13427
13429
13431
13432
13433
13434
13435
13436
13437
13438
13439
13441
13443
13444
13445
13446
13449
13451
13452
13455
13456
13457
13460
13462
13463
13464
13466
13468
13470
13474
13475
13476
13478
13479
13480
13481
13484
13486
13487
13488
13489
13490
13491
13492
13493
13495
13496
13498
13499
13502
13504
13505
13506
13508
13509
13511
13513
13514
13515
13516
13517
13518
13520
13521
13522
13523
13527
13528
13529
13530
13531
13532
13533
13534
13535
13537
13538
13540
13541
13542
13544
13546
13547
13548
13550
13552
13553
13557
13558
13559
13560
13561
13563
13565
13567
13569
13570
13571
13572
13573
13574
13576
13577
13578
13580
13584
13585
13586
13588
13589
13590
13591
13592
13593
13594
13596
13598
13599
13600
13601
13602
13603
13604
13605
13606
13607
13609
13610
13612
13613
13615
13616
13617
13618
13619
13620
13622
13623
13624
13627
13628
13629
13630
13632
13634
13635
13636
13638
13639
13640
13641
13642
13646
13647
13648
13653
13656
13657
13658
13659
13660
13661
13662
13663
13665
13666
13667
13669
13670
13676
13677
13678
13679
13681
13683
13684
13685
13690
13692
13694
13695
13700
13701
13703
13705
13707
13708
13709
13710
13712
13717
13718
13719
13720
13723
13726
13727
13729
13732
13733
13735
13736
13737
13738
13742
13743
13744
13745
13748
13749
13750
13753
13756
13758
13759
13761
13762
13763
13764
13765
13767
13768
13769
13770
13771
13772
13773
13776
13777
13779
13780
13781
13783
13784
13786
13787
13789
13790
13793
13796
13799
13800
13801
13802
13803
13804
13805
13806
13807
13808
13811
13812
13813
13815
13816
13817
13818
13819
13820
13821
13825
13826
13827
13828
13831
13835
13836
13840
13841
13843
13844
13845
13846
13847
13849
13852
13853
13854
13857
13858
13860
13861
13862
13863
13864
13867
13868
13870
13871
13872
13874
13875
13877
13878
13881
13884
13889
13891
13896
13897
13901
13905
13907
13908
13910
13911
13912
13913
13914
13915
13916
13917
13921
13922
13925
13926
13928
13930
13931
13933
13935
13936
13940
13942
13943
13944
13945
13946
13947
13949
13952
13954
13956
13957
13958
13959
13961
13963
13964
13966
13967
13969
13973
13974
13975
13977
13978
13982
13983
13984
13985
13986
13987
13988
13989
13991
13992
13995
13996
13997
13999
14002
14003
14004
14005
14006
14007
14008
14010
14011
14012
14014
14017
14020
14022
14023
14024
14025
14026
14027
14029
14030
14031
14035
14037
14039
14042
14043
14044
14045
14046
14047
14048
14051
14052
14053
14054
14056
14059
14060
14061
14062
14063
14066
14067
14068
14070
14071
14073
14074
14075
14076
14077
14078
14080
14081
14082
14083
14084
14086
14088
14090
14092
14094
14095
14096
14102
14103
14104
14105
14106
14109
14111
14114
14115
14116
14118
14119
14120
14121
14122
14123
14125
14126
14127
14129
14130
14131
14132
14135
14136
