80258
80264
80265
80267
80268
80271
80275
80277
80280
80283
80284
80285
80286
80287
80288
80289
80290
80291
80292
80294
80296
80298
80301
80306
80307
80308
80309
80311
80312
80313
80314
80315
80316
80318
80320
80323
80324
80325
80326
80327
80328
80329
80332
80333
80336
80341
80342
80344
80345
80346
80349
80350
80351
80352
80353
80355
80356
80358
80360
80361
80362
80363
80364
80366
80367
80368
80369
80370
80371
80372
80375
80376
80378
80381
80382
80383
80384
80385
80386
80387
80388
80390
80392
80394
80395
80396
80397
80398
80401
80402
80403
80407
80408
80410
80413
80414
80415
80416
80417
80418
80419
80421
80422
80423
80424
80425
80427
80428
80429
80431
80432
80433
80435
80437
80441
80445
80446
80447
80450
80451
80452
80454
80456
80457
80459
80462
80463
80464
80465
80466
80468
80469
80470
80471
80473
80474
80475
80476
80479
80480
80484
80486
80487
80488
80489
80490
80494
80496
80497
80498
80500
80501
80502
80503
80505
80507
80509
80510
80512
80513
80516
80517
80518
80519
80520
80521
80524
80526
80527
80528
80529
80530
80537
80538
80539
80540
80541
80543
80545
80546
80547
80548
80551
80552
80553
80554
80556
80557
80559
80561
80562
80564
80567
80569
80570
80571
80573
80575
80576
80577
80578
80579
80581
80585
80587
80588
80589
80590
80591
80592
80593
80594
80597
80598
80601
80602
80603
80605
80606
80614
80615
80617
80620
80621
80624
80625
80627
80629
80630
80631
80632
80633
80635
80636
80637
80638
80639
80640
80642
80644
80645
80646
80648
80650
80651
80655
80656
80657
80658
80660
80661
80662
80663
80664
80665
80668
80669
80671
80674
80675
80676
80677
80678
80679
80680
80681
80684
80686
80687
80690
80691
80694
80695
80696
80698
80700
80701
80703
80705
80706
80708
80709
80711
80712
80714
80718
80719
80720
80721
80722
80724
80726
80730
80733
80735
80738
80739
80740
80741
80742
80743
80745
80746
80747
80748
80749
80750
80751
80752
80754
80756
80757
80758
80760
80762
80763
80764
80766
80769
80771
80774
80777
80778
80779
80780
80782
80783
80784
80785
80787
80788
80791
80792
80793
80795
80796
80797
80798
80801
80803
80804
80805
80806
80808
80811
80813
80815
80817
80818
80820
80821
80823
80824
80825
80827
80828
80829
80830
80832
80833
80834
80835
80836
80837
80839
80844
80845
80846
80847
80848
80849
80851
80853
80857
80858
80859
80861
80862
80863
80865
80866
80867
80868
80870
80872
80873
80875
80880
80881
80882
80883
80885
80886
80887
80888
80890
80891
80892
80893
80894
80896
80897
80898
80899
80902
80904
80906
80907
80908
80910
80912
80915
80916
80917
80919
80922
80923
80924
80925
80926
80927
80930
80931
80932
80934
80935
80938
80939
80940
80941
80942
80943
80945
80946
80947
80948
80949
80950
80952
80953
80955
80956
80957
80958
80959
80960
80961
80962
80966
80967
80968
80972
80973
80975
80976
80980
80981
80982
80983
80984
80985
80986
80987
80988
80989
80990
80993
80994
80995
80998
81001
81002
81005
81010
81012
81014
81015
81016
81017
81019
81020
81021
81022
81023
81025
81028
81030
81033
81034
81036
81037
81039
81040
81041
81044
81045
81046
81047
81048
81050
81052
81058
81059
81062
81064
81065
81070
81071
81074
81077
81078
81083
81084
81085
81088
81089
81090
81091
81092
81093
81094
81095
81097
81098
81100
81102
81104
81108
81111
81112
81113
81114
81115
81116
81117
81118
81119
81120
81121
81124
81125
81126
81127
81129
81130
81131
81132
81133
81135
81136
81137
81138
81139
81140
81141
81142
81143
81145
81146
81147
81150
81151
81152
81153
81154
81155
81156
81157
81158
81159
81160
81162
81164
81165
81166
81168
81169
81171
81172
81173
81174
81175
81176
81177
81178
81179
81180
81182
81183
81185
81186
81187
81189
81190
81191
81192
81193
81194
81195
81196
81197
81198
81200
81204
81207
81209
81210
81211
81213
81214
81215
81216
81219
81221
81222
81223
81224
81226
81229
81231
81232
81233
81235
81236
81238
81245
81246
81250
81251
81252
81254
81255
81256
81260
81262
81264
81265
81267
81269
81270
81272
81274
81275
81276
81277
81278
81281
81282
81284
81285
81286
81288
81291
81293
81294
81296
81299
81303
81306
81307
81308
81309
81311
81312
81314
81317
81319
81322
81323
81324
81325
81326
81327
81329
81330
81331
81332
81333
81334
81336
81337
81338
81339
81342
81344
81346
81350
81351
81353
81355
81356
81357
81358
81361
81362
81363
81365
81366
81367
81368
81369
81370
81371
81373
81374
81375
81377
81379
81381
81385
81386
81388
81390
81391
81392
81394
81395
81397
81398
81400
81401
81402
81403
81404
81405
81406
81407
81408
81409
81410
81411
81414
81417
81418
81419
81420
81421
81423
81424
81426
81427
81430
81431
81433
81434
81435
81441
81443
81446
81447
81448
81450
81451
81455
81456
81457
81458
81459
81462
81463
81465
81466
81467
81468
81469
81471
81472
81473
81474
81475
81476
81477
81478
81480
81483
81484
81485
81487
81488
81490
81491
81493
81494
81495
81496
81497
81498
81500
81502
81508
81509
81511
81513
81514
81516
81517
81518
81519
81521
81522
81524
81525
81526
81529
81531
81532
81533
81534
81536
81538
81540
81542
81543
81544
81545
81546
81547
81549
81551
81552
81553
81555
81556
81557
81558
81559
81560
81561
81563
81567
81570
81572
81574
81576
81577
81579
81580
81583
81584
81585
81586
81587
81588
81590
81591
81592
81593
81598
81599
81601
81602
81603
81607
81608
81613
81616
81617
81619
81620
81621
81622
81623
81627
81628
81632
81636
81637
81638
81640
81644
81645
81646
81648
81649
81650
81651
81653
81654
81655
81656
81658
81660
81662
81663
81665
81667
81668
81670
81673
81674
81675
81676
81678
81679
81680
81682
81684
81686
81688
81689
81691
81693
81695
81696
81698
81699
81700
81701
81702
81703
81704
81705
81706
81707
81708
81718
81719
81721
81724
81725
81727
81728
81729
81731
81734
81735
81736
81738
81739
81740
81746
81749
81750
81751
81752
81754
81755
81756
81757
81758
81765
81766
81767
81768
81769
81770
81771
81772
81773
81774
81775
81776
81777
81778
81779
81780
81781
81784
81785
81787
81789
81790
81792
81793
81794
81795
81796
81802
81803
81805
81806
81807
81809
81810
81815
81817
81819
81820
81822
81823
81824
81825
81827
81828
81829
81830
81831
81833
81834
81835
81837
81838
81839
81840
81844
81847
81848
81849
81850
81851
81853
81854
81855
81856
81858
81861
81862
81863
81864
81865
81867
81868
81869
81871
81873
81874
81877
81879
81880
81881
81883
81888
81889
81890
81892
81893
81895
81898
81900
81901
81904
81906
81907
81909
81910
81911
81913
81916
81919
81920
81921
81922
81923
81924
81925
81926
81927
81929
81930
81931
81932
81933
81934
81935
81937
81938
81939
81940
81941
81942
81943
81944
81945
81947
81949
81951
81952
81955
81956
81957
81960
81961
81963
81964
81965
81966
81967
81968
81969
81970
81972
81973
81974
81978
81979
81981
81982
81983
81984
81986
81987
81988
81989
81992
81995
81996
81997
81998
81999
82000
82001
82002
82003
82005
82007
82011
82016
82017
82018
82019
82020
82021
82022
82023
82024
82025
82027
82028
82030
82031
82033
82034
82038
82039
82041
82042
82046
82048
82049
82053
82054
82056
82059
82062
82063
82064
82065
82066
82068
82071
82074
82077
82078
82080
82081
82082
82083
82084
82088
82089
82090
82093
82094
82096
82097
82098
82099
82102
82103
82104
82106
82107
82108
82110
82111
82112
82113
82114
82115
82120
82122
82123
82124
82125
82127
82128
82130
82131
82132
82133
82135
82137
82138
82140
82142
82143
82145
82146
82147
82148
82150
82151
82156
82157
82158
82159
82161
82162
82164
82166
82167
82168
82169
82170
82171
82172
82176
82177
82179
82180
82181
82182
82186
82187
82189
82190
82191
82192
82193
82194
82195
82197
82198
82199
82200
82201
82202
82203
82204
82206
82210
82211
82212
82213
82214
82215
82216
82217
82218
82223
82225
82228
82229
82236
82237
82239
82240
82241
82243
82245
82246
82247
82249
82252
82253
82254
82256
82257
82258
82259
82260
82261
82263
82264
82267
82269
82270
82272
82273
82274
82277
82278
82279
82281
82282
82284
82285
82286
82287
82288
82289
82290
82292
82293
82295
82296
82298
82299
82300
82301
82303
82304
82305
82307
82308
82309
82310
82311
82313
82314
82317
82319
82320
82321
82323
82325
82332
82333
82334
82336
82337
82338
82339
82340
82342
82346
82347
82349
82350
82351
82354
82355
82356
82358
82360
82362
82365
82366
82367
82368
82369
82370
82371
82374
82376
82377
82378
82380
82381
82383
82384
82385
82389
82390
82391
82392
82395
82396
82398
82401
82404
82405
82406
82407
82409
82412
82413
82414
82415
82417
82418
82419
82420
82421
82422
82423
82424
82425
82426
82427
82428
82429
82430
82432
82434
82435
82436
82437
82438
82442
82443
82444
82445
82447
82449
82450
82451
82452
82453
82454
82455
82456
82458
82461
82462
82464
82466
82468
82470
82472
82473
82474
82475
82476
82478
82479
82480
82482
82483
82484
82485
82486
82488
82489
82490
82492
82493
82495
82496
82498
82504
82507
82508
82509
82510
82511
82514
82515
82516
82517
82521
82522
82525
82526
82527
82529
82530
82532
82533
82534
82535
82538
82539
82540
82541
82544
82545
82546
82547
82549
82553
82554
82555
82556
82557
82558
82559
82560
82561
82563
82565
82566
82567
82570
82572
82573
82574
82576
82577
82578
82579
82580
82581
82583
82586
82587
82588
82590
82591
82595
82596
82597
82601
82603
82605
82606
82607
82608
82610
82614
82616
82617
82618
82621
82623
82624
82626
82628
82629
82630
82631
82633
82634
82635
82638
82639
82640
82642
82643
82646
82648
82650
82652
82653
82654
82657
82659
82660
82663
82664
82665
82667
82668
82669
82672
82674
82675
82676
82677
82679
82680
82682
82683
82685
82687
82689
82691
82692
82693
82694
82695
82697
82698
82699
82700
82701
82703
82705
82706
82708
82712
82714
82715
82716
82718
82719
82720
82722
82724
82727
82732
82733
82734
82737
82738
82739
82740
82743
82744
82748
82749
82750
82751
82752
82756
82757
82758
82760
82762
82763
82765
82766
82768
82769
82770
82771
82772
82773
82774
82775
82776
82777
82781
82784
82785
82786
82787
82788
82790
82792
82793
82794
82795
82797
82798
82799
82800
82801
82802
82804
82805
82806
82808
82810
82811
82812
82813
82816
82817
82818
82820
82821
82822
82823
82824
82826
82827
82828
82830
82832
82833
82834
82836
82837
82839
82840
82842
82843
82847
82848
82849
82853
82855
82856
82858
82860
82862
82863
82864
82865
82868
82869
82870
82875
82876
82878
82879
82880
82882
82883
82886
82888
82889
82891
82892
82894
82895
82898
82901
82902
82904
82906
82908
82910
82912
82913
82914
82916
82917
82918
82919
82920
82921
82923
82924
82926
82927
82928
82930
82931
82932
82933
82934
82939
82940
82941
82942
82943
82946
82947
82948
82950
82951
82952
82954
82955
82957
82959
82961
82962
82963
82964
82965
82967
82968
82973
82974
82975
82977
82979
82980
82981
82982
82987
82988
82989
82990
82991
82994
82995
82996
82999
83000
83003
83004
83005
83007
83008
83010
83012
83013
83015
83017
83018
83020
83021
83022
83023
83025
83026
83028
83029
83030
83031
83032
83033
83034
83035
83036
83037
83038
83042
83043
83044
83047
83048
83049
83050
83051
83052
83053
83054
83055
83056
83058
83059
83061
83062
83063
83065
83066
83069
83070
83071
83072
83073
83075
83076
83077
83078
83080
83081
83082
83084
83086
83087
83089
83090
83091
83092
83093
83094
83095
83096
83097
83099
83100
83104
83106
83107
83110
83112
83113
83114
83115
83118
83120
83122
83123
83126
83127
83130
83131
83132
83133
83136
83137
83143
83144
83145
83147
83151
83154
83155
83157
83158
83159
83160
83162
83163
83164
83165
83166
83168
83169
83171
83172
83173
83174
83175
83176
83178
83179
83181
83182
83184
83185
83186
83187
83188
83190
83191
83193
83195
83200
83206
83207
83209
83210
83211
83212
83213
83214
83215
83216
83217
83218
83219
83220
83221
83222
83224
83226
83227
83229
83230
83232
83237
83238
83240
83242
83243
83244
83245
83248
83250
83251
83252
83253
83254
83255
83259
83260
83261
83262
83265
83268
83269
83270
83271
83272
83274
83275
83278
83280
83282
83283
83285
83287
83290
83292
83293
83294
83298
83299
83302
83303
83304
83305
83307
83309
83310
83312
83314
83315
83316
83317
83318
83320
83322
83323
83324
83325
83327
83328
83329
83330
83332
83333
83335
83341
83342
83344
83345
83346
83347
83351
83353
83356
83357
83358
83359
83362
83363
83365
83366
83368
83369
83370
83371
83372
83373
83374
83375
83377
83381
83383
83384
83385
83387
83390
83391
83392
83393
83395
83398
83399
83402
83403
83404
83407
83408
83415
83416
83420
83422
83424
83425
83426
83427
83429
83431
83435
83436
83438
83440
83441
83445
83446
83447
83448
83451
83452
83453
83454
83456
83457
83459
83460
83461
83463
83464
83465
83467
83468
83471
83475
83476
83477
83478
83480
83483
83484
83485
83487
83488
83491
83492
83494
83496
83498
83501
83502
83503
83504
83505
83506
83507
83509
83510
83513
83514
83516
83518
83519
83522
83525
83526
83529
83530
83533
83534
83536
83537
83539
83540
83541
83543
83544
83545
83547
83548
83550
83551
83552
83554
83555
83556
83558
83559
83560
83561
83562
83565
83567
83568
83569
83570
83572
83573
83574
83576
83578
83579
83582
83584
83585
83586
83588
83589
83592
83593
83595
83596
83597
83598
83599
83602
83603
83604
83605
83606
83608
83609
83611
83612
83615
83616
83617
83618
83619
83620
83625
83626
83631
83632
83634
83635
83638
83639
83640
83642
83643
83644
83645
83646
83647
83650
83651
83652
83653
83654
83655
83663
83664
83665
83666
83667
83668
83670
83671
83673
83675
83677
83679
83681
83682
83683
83687
83688
83689
83690
83691
83692
83696
83697
83700
83701
83702
83703
83704
83705
83706
83707
83708
83709
83712
83715
83716
83721
83723
83724
83725
83727
83728
83729
83730
83731
83732
83733
83734
83735
83737
83738
83739
83741
83742
83743
83744
83746
83748
83751
83753
83754
83755
83761
83762
83763
83764
83765
83766
83767
83769
83770
83772
83773
83774
83775
83776
83777
83778
83779
83780
83782
83784
83787
83789
83791
83794
83796
83798
83800
83801
83805
83806
83808
83810
83811
83812
83813
83815
83818
83819
83820
83821
83825
83826
83827
83828
83830
83831
83834
83835
83836
83838
83840
83843
83845
83846
83847
83849
83850
83853
83854
83855
83856
83857
83862
83863
83864
83865
83866
83868
83870
83872
83873
83874
83875
83879
83880
83881
83882
83883
83884
83885
83888
83889
83890
83891
83892
83893
83895
83896
83897
83899
83902
83903
83904
83906
83907
83908
83909
83912
83913
83914
83915
83916
83917
83919
83920
83921
83922
83923
83924
83925
83926
83927
83928
83931
83933
83934
83935
83937
83938
83939
83940
83941
83944
83947
83949
83950
83951
83952
83953
83954
83955
83957
83960
83961
83962
83964
83965
83968
83969
83972
83974
83976
83977
83980
83982
83984
83986
83988
83989
83992
83996
83997
83998
83999
84000
84001
84003
84005
84008
84010
84013
84015
84016
84018
84019
84021
84022
84023
84026
84029
84031
84035
84036
84037
84038
84039
84040
84041
84042
84043
84044
84045
84047
84049
84050
84052
84055
84056
84057
84058
84059
84061
84062
84063
84067
84068
84069
84071
84075
84076
84077
84078
84081
84083
84085
84086
84091
84094
84095
84096
84097
84098
84101
84102
84105
84106
84108
84111
84112
84114
84116
84117
84119
84120
84121
84123
84125
84126
84128
84129
84130
84131
84132
84133
84134
84135
84136
84137
84138
84139
84140
84142
84143
84144
84145
84146
84147
84148
84150
84152
84153
84154
84155
84156
84157
84158
84159
84160
84162
84163
84165
84167
84169
84170
84171
84174
84175
84176
84177
84178
84179
84183
84184
84185
84186
84187
84188
84189
84190
84191
84192
84193
84194
84195
84196
84197
84198
84199
84200
84202
84203
84204
84207
84209
84210
84211
84212
84215
84216
84219
84220
84221
84223
84226
84228
84229
84231
84233
84234
84237
84239
84240
84241
84242
84243
84245
84246
84250
84251
84252
84253
84254
84255
84257
84258
84259
84260
84261
84262
84263
84264
84266
84267
84269
84270
84271
84274
84275
84278
84279
84283
84284
84285
84286
84287
84288
84292
84295
84296
84297
84299
84300
84307
84308
84309
84311
84313
84314
84315
84317
84318
84319
84320
84321
84322
84323
84324
84325
84326
84327
84329
84330
84331
84332
84333
84335
84337
84338
84339
84340
84341
84342
84343
84344
84345
84346
84347
84351
84353
84354
84355
84356
84357
84358
84359
84361
84364
84365
84366
84367
84369
84370
84372
84373
84374
84375
84376
84377
84380
84381
84383
84384
84385
84387
84391
84392
84393
84395
84397
84399
84400
84403
84406
84407
84408
84409
84411
84414
84415
84416
84417
84420
84421
84424
84425
84426
84427
84430
84431
84432
84434
84437
84438
84439
84440
84441
84442
84443
84444
84448
84450
84451
84454
84456
84457
84458
84459
84460
84461
84462
84464
84470
84471
84472
84473
84476
84478
84479
84480
84482
84484
84486
84487
84488
84490
84491
84492
84495
84496
84497
84499
84500
84501
84502
84505
84509
84511
84513
84515
84517
84518
84519
84520
84521
84522
84523
84527
84528
84529
84531
84532
84533
84535
84536
84537
84541
84542
84543
84545
84546
84547
84548
84549
84550
84552
84553
84554
84555
84558
84559
84563
84565
84566
84567
84568
84569
84570
84571
84572
84578
84579
84582
84585
84586
84587
84589
84590
84592
84593
84594
84595
84596
84597
84598
84601
84603
84604
84605
84606
84608
84612
84613
84616
84617
84618
84619
84620
84622
84624
84626
84627
84628
84629
84631
84632
84635
84636
84637
84638
84640
84642
84643
84644
84646
84647
84648
84649
84654
84655
84657
84660
84661
84662
84663
84664
84666
84667
84668
84674
84677
84680
84681
84682
84684
84685
84686
84687
84688
84693
84694
84697
84699
84700
84701
84703
84704
84706
84707
84708
84709
84710
84712
84713
84715
84717
84718
84721
84723
84725
84726
84729
84730
84731
84732
84733
84734
84735
84736
84737
84738
84739
84740
84742
84745
84747
84751
84752
84753
84755
84756
84757
84758
84759
84761
84765
84766
84767
84768
84769
84771
84772
84774
84775
84776
84777
84778
84780
84781
84782
84783
84784
84787
84788
84789
84790
84792
84794
84795
84797
84800
84801
84802
84803
84804
84806
84807
84808
84809
84810
84811
84812
84813
84814
84815
84816
84818
84819
84821
84823
84824
84826
84828
84829
84830
84831
84832
84833
84836
84837
84838
84840
84841
84842
84845
84847
84848
84849
84850
84853
84855
84858
84859
84860
84861
84862
84863
84864
84865
84867
84870
84871
84872
84874
84875
84876
84877
84879
84880
84882
84883
84884
84886
84887
84889
84890
84891
84892
84893
84894
84897
84899
84901
84902
84903
84904
84905
84906
84907
84908
84909
84911
84912
84914
84915
84916
84917
84919
84921
84922
84923
84924
84925
84926
84928
84929
84931
84933
84934
84935
84936
84939
84940
84941
84942
84944
84945
84947
84948
84949
84950
84951
84953
84954
84956
84959
84960
84961
84962
84967
84968
84969
84971
84972
84973
84975
84976
84977
84978
84979
84980
84981
84982
84983
84984
84985
84986
84987
84988
84990
84992
84993
84994
84995
84999
85003
85004
85005
85007
85008
85009
85011
85013
85014
85015
85019
85021
85022
85023
85025
85027
85028
85029
85030
85032
85035
85037
85039
85040
85041
85043
85044
85045
85046
85049
85053
85054
85058
85060
85061
85062
85064
85065
85068
85070
85071
85072
85073
85074
85075
85078
85079
85080
85082
85084
85085
85092
85096
85101
85102
85104
85105
85107
85109
85111
85112
85114
85117
85118
85119
85120
85122
85123
85124
85125
85126
85127
85128
85132
85133
85136
85137
85139
85141
85146
85148
85149
85151
85152
85156
85159
85161
85162
85163
85164
85165
85166
85167
85168
85169
85170
85171
85172
85175
85176
85177
85180
85182
85183
85184
85185
85187
85189
85190
85191
85192
85193
85195
85196
85197
85198
85200
85201
85202
85203
85204
85205
85206
85208
85210
85211
85212
85213
85214
85215
85219
85220
85221
85222
85223
85224
85230
85231
85233
85235
85238
85241
85243
85244
85247
85251
85253
85255
85256
85257
85258
85260
85261
85262
85263
85264
85265
85266
85268
85271
85273
85274
85276
85277
85278
85280
85282
85283
85285
85286
85287
85288
85289
85290
85293
85297
85299
85301
85302
85303
85304
85307
85308
85311
85313
85315
85316
85318
85319
85320
85321
85322
85323
85324
85326
85328
85333
85334
85336
85338
85339
85343
85344
85345
85348
85349
85351
85353
85354
85355
85356
85357
85359
85362
85363
85364
85365
85366
85367
85368
85370
85371
85373
85375
85376
85377
85378
85380
85381
85382
85383
85384
85385
85386
85388
85389
85390
85392
85396
85398
85399
85400
85401
85403
85406
85407
85408
85410
85411
85412
85413
85415
85416
85417
85419
85420
85421
85423
85426
85427
85428
85430
85431
85432
85433
85434
85436
85438
85439
85440
85441
85443
85446
85447
85448
85450
85452
85453
85456
85457
85458
85462
85463
85464
85466
85468
85472
85473
85474
85477
85479
85480
85481
85482
85483
85486
85488
85489
85491
85492
85493
85495
85497
85498
85499
85500
85502
85504
85505
85506
85507
85508
85510
85511
85512
85514
85515
85517
85518
85519
85521
85522
85527
85528
85530
85534
85536
85537
85538
85539
85541
85543
85546
85547
85548
85549
85550
85553
85554
85557
85559
85560
85561
85562
85565
85567
85568
85569
85570
85571
85572
85573
85577
85578
85579
85580
85581
85585
85587
85589
85592
85593
85594
85596
85599
85602
85605
85607
85608
85609
85610
85611
85614
85615
85618
85619
85621
85623
85624
85625
85626
85629
85631
85632
85633
85634
85635
85636
85637
85638
85640
85642
85644
85647
85649
85650
85655
85656
85657
85659
85660
85661
85664
85666
85667
85668
85670
85671
85672
85673
85675
85676
85677
85678
85679
85681
85684
85685
85686
85688
85691
85693
85694
85695
85696
85697
85698
85699
85701
85702
85703
85705
85707
85708
85710
85712
85713
85714
85716
85717
85718
85719
85720
85723
85724
85725
85726
85727
85728
85729
85732
85733
85734
85735
85737
85741
85742
85743
85745
85746
85748
85750
85752
85753
85754
85755
85756
85757
85758
85759
85760
85761
85762
85763
85764
85765
85768
85771
85773
85774
85776
85778
85781
85782
85783
85785
85786
85788
85789
85790
85792
85794
85795
85796
85797
85799
85802
85803
85804
85805
85808
85809
85810
85811
85812
85813
85814
85816
85818
85819
85821
85822
85824
85826
85828
85829
85830
85831
85832
85833
85834
85835
85836
85837
85838
85840
85842
85843
85844
85846
85848
85849
85850
85851
85853
85854
85855
85856
85859
85860
85861
85864
85865
85866
85868
85869
85870
85875
85876
85877
85878
85880
85882
85883
85885
85886
85888
85890
85891
85892
85893
85896
85897
85898
85900
85901
85902
85903
85905
85906
85908
85910
85911
85913
85914
85916
85919
85921
85922
85923
85924
85930
85932
85933
85934
85935
85936
85939
85940
85942
85943
85945
85947
85949
85950
85951
85954
85957
85958
85961
85962
85965
85966
85967
85968
85969
85970
85972
85973
85974
85976
85977
85980
85982
85984
85986
85987
85988
85989
85993
85994
85996
85997
85998
85999
86000
86001
86003
86005
86006
86007
86008
86010
86011
86012
86013
86014
86017
86018
86019
86020
86021
86022
86023
86024
86028
86029
86030
86031
86032
86034
86035
86038
86039
86041
86042
86043
86044
86045
86046
86047
86048
86049
86051
86052
86053
86054
86055
86056
86057
86058
86059
86060
86063
86065
86066
86067
86068
86070
86072
86073
86075
86076
86077
86081
86082
86085
86087
86088
86089
86090
86092
86094
86095
86096
86097
86098
86100
86103
86104
86105
86108
86109
86110
86114
86115
86116
86119
86120
86121
86122
86124
86125
86127
86129
86131
86132
86133
86134
86135
86137
86141
86143
86147
86148
86149
86150
86152
86153
86154
86155
86156
86158
86159
86161
86163
86166
86167
86168
86171
86175
86176
86177
86178
86179
86180
86182
86184
86185
86186
86187
86188
86189
86193
86195
86196
86197
86198
86199
86201
86202
86203
86204
86205
86206
86208
86209
86210
86211
86212
86214
86216
86218
86222
86223
86227
86229
86230
86233
86236
86238
86239
86240
86241
86242
86243
86244
86245
86248
86249
86251
86252
86256
86259
86260
86264
86265
86266
86267
86268
86270
86271
86272
86273
86274
86275
86276
86277
86278
86279
86281
86282
86286
86287
86288
86290
86291
86294
86296
86298
86301
86302
86303
86304
86307
86308
86311
86312
86313
86315
86318
86322
86324
86325
86326
86327
86329
86330
86331
86333
86336
86338
86339
86340
86341
86342
86345
86346
86347
86348
86349
86350
86351
86352
86355
86356
86357
86358
86359
86360
86361
86362
86363
86364
86365
86367
86368
86371
86374
86375
86377
86378
86381
86382
86383
86385
86388
86389
86390
86391
86392
86393
86394
86401
86402
86404
86405
86406
86408
86409
86410
86412
86413
86414
86415
86416
86418
86419
86423
86424
86425
86428
86430
86431
86434
86435
86436
86438
86440
86442
86443
86444
86445
86447
86448
86451
86454
86455
86457
86461
86464
86465
86466
86467
86469
86472
86474
86475
86476
86480
86482
86483
86484
86487
86488
86489
86490
86491
86492
86493
86497
86498
86499
86500
86501
86502
86503
86504
86508
86509
86512
86513
86514
86515
86517
86518
86519
86520
86521
86522
86524
86525
86526
86527
86528
86530
86531
86532
86533
86535
86538
86539
86542
86543
86544
86546
86549
86552
86553
86555
86558
86559
86560
86561
86564
86566
86567
86568
86569
86571
86572
86573
86574
86575
86576
86580
86581
86582
86583
86585
86587
86588
86589
86590
86592
86594
86595
86596
86597
86599
86600
86602
86603
86604
86605
86606
86607
86609
86610
86611
86613
86614
86615
86616
86618
86620
86622
86623
86625
86626
86629
86630
86631
86632
86634
86635
86636
86637
86638
86641
86643
86644
86645
86647
86649
86650
86653
86656
86657
86658
86659
86660
86664
86665
86666
86668
86670
86673
86674
86675
86676
86678
86679
86680
86682
86683
86684
86686
86688
86689
86690
86691
86692
86693
86694
86696
86697
86698
86699
86700
86701
86702
86703
86704
86705
86707
86709
86710
86715
86716
86718
86719
86720
86721
86723
86726
86727
86728
86732
86734
86743
86747
86749
86751
86753
86757
86759
86760
86763
86764
86766
86768
86769
86771
86772
86774
86776
86777
86782
86783
86784
86787
86788
86789
86790
86791
86792
86797
86799
86800
86801
86802
86803
86806
86808
86809
86810
86811
86814
86816
86817
86819
86822
86823
86826
86831
86833
86834
86838
86839
86840
86841
86843
86844
86845
86846
86847
86848
86849
86850
86853
86857
86860
86861
86862
86866
86867
86869
86872
86875
86876
86878
86880
86881
86882
86883
86884
86885
86886
86887
86888
86889
86891
86892
86893
86894
86897
86898
86899
86902
86903
86904
86905
86908
86909
86911
86912
86914
86915
86916
86918
86921
86922
86923
86924
86926
86932
86934
86935
86936
86937
86939
86940
86941
86944
86946
86947
86949
86952
86954
86957
86958
86959
86960
86962
86963
86964
86965
86966
86968
86971
86972
86973
86974
86977
86978
86980
86983
86991
86992
86993
86994
86996
86997
86998
86999
87001
87002
87004
87005
87008
87009
87010
87011
87012
87013
87015
87016
87019
87020
87022
87023
87025
87028
87029
87030
87031
87032
87033
87034
87035
87036
87037
87039
87042
87043
87044
87045
87049
87050
87051
87053
87055
87057
87059
87060
87062
87063
87064
87065
87066
87070
87073
87074
87075
87077
87078
87080
87081
87082
87083
87084
87086
87087
87092
87093
87094
87096
87097
87098
87099
87100
87101
87102
87103
87104
87105
87106
87112
87113
87116
87118
87119
87120
87121
87122
87123
87124
87126
87128
87129
87131
87132
87133
87134
87135
87136
87137
87141
87143
87144
87145
87146
87147
87149
87151
87152
87153
87154
87155
87156
87163
87164
87165
87166
87169
87170
87175
87176
87179
87180
87181
87183
87185
87188
87190
87195
87196
87200
87201
87202
87204
87205
87206
87208
87209
87210
87212
87213
87215
87216
87218
87220
87222
87223
87224
87226
87228
87229
87231
87233
87234
87235
87236
87238
87240
87242
87243
87244
87245
87246
87249
87250
87251
87252
87253
87254
87256
87257
87259
87260
87261
87262
87263
87265
87268
87269
87270
87273
87274
87275
87276
87279
87281
87283
87284
87286
87288
87289
87291
87292
87294
87295
87296
87297
87298
87300
87301
87303
87304
87305
87306
87307
87308
87309
87311
87312
87314
87315
87317
87318
87319
87320
87323
87324
87325
87327
87328
87329
87330
87332
87333
87335
87338
87339
87341
87345
87347
87349
87350
87352
87353
87355
87357
87358
87362
87364
87366
87367
87369
87370
87373
87375
87377
87378
87381
87382
87383
87385
87388
87389
87390
87392
87393
87394
87395
87396
87397
87398
87400
87403
87404
87408
87409
87410
87411
87412
87413
87414
87417
87418
87419
87421
87422
87423
87426
87428
87430
87433
87434
87435
87436
87439
87440
87441
87442
87443
87445
87446
87449
87450
87451
87452
87453
87454
87455
87458
87459
87465
87466
87468
87470
87473
87475
87476
87477
87478
87480
87481
87482
87484
87485
87486
87489
87490
87491
87492
87493
87494
87495
87496
87497
87499
87502
87504
87506
87509
87511
87512
87513
87515
87516
87517
87518
87519
87520
87521
87522
87523
87524
87525
87526
87527
87530
87531
87532
87533
87534
87535
87536
87538
87542
87545
87546
87547
87548
87550
87551
87552
87553
87554
87556
87557
87558
87559
87560
87561
87562
87564
87567
87568
87569
87571
87572
87573
87574
87575
87576
87579
87580
87582
87583
87584
87585
87586
87587
87588
87590
87591
87595
87596
87599
87600
87603
87604
87605
87606
87607
87608
87609
87610
87612
87614
87615
87616
87617
87619
87620
87621
87622
87623
87624
87625
87626
87627
87628
87629
87630
87631
87633
87634
87635
87636
87637
87638
87639
87640
87641
87643
87644
87645
87646
87647
87648
87650
87651
87652
87653
87655
87656
87657
87659
87661
87662
87663
87664
87665
87666
87667
87669
87670
87671
87679
87680
87682
87683
87684
87685
87686
87687
87688
87690
87691
87692
87693
87694
87695
87696
87697
87699
87700
87701
87702
87703
87704
87706
87707
87708
87709
87711
87713
87714
87715
87716
87719
87720
87721
87724
87725
87727
87728
87730
87733
87735
87738
87741
87742
87745
87749
87750
87754
87755
87756
87757
87758
87760
87761
87762
87763
87764
87766
87767
87770
87771
87773
87774
87776
87778
87779
87781
87782
87783
87784
87785
87786
87787
87789
87791
87795
87797
87798
87799
87800
87801
87802
87804
87805
87806
87807
87808
87810
87812
87814
87815
87816
87817
87818
87819
87821
87822
87823
87824
87825
87826
87827
87828
87829
87830
87831
87833
87835
87837
87838
87839
87840
87842
87843
87845
87849
87851
87852
87853
87854
87857
87858
87859
87862
87864
87865
87866
87867
87870
87871
87872
87873
87874
87876
87877
87878
87880
87881
87882
87883
87884
87885
87886
87887
87888
87892
87895
87899
87900
87901
87904
87905
87906
87907
87908
87909
87910
87911
87912
87913
87915
87917
87918
87921
87922
87923
87925
87926
87927
87928
87930
87931
87932
87934
87935
87936
87937
87938
87939
87940
87941
87942
87945
87946
87948
87950
87954
87955
87956
87957
87958
87960
87962
87963
87964
87965
87966
87969
87971
87972
87974
87975
87976
87980
87982
87985
87986
87987
87988
87989
87991
87992
87993
87994
87996
87999
88001
88002
88006
88007
88008
88009
88013
88014
88015
88016
88018
88019
88020
88021
88022
88023
88024
88025
88026
88028
88030
88031
88034
88036
88038
88039
88040
88041
88043
88046
88047
88048
88049
88050
88052
88056
88060
88061
88062
88063
88066
88067
88068
88069
88073
88075
88080
88081
88082
88084
88085
88088
88089
88090
88091
88092
88093
88094
88096
88098
88099
88103
88106
88107
88111
88112
88113
88114
88115
88116
88117
88118
88120
88121
88123
88124
88125
88126
88128
88129
88130
88131
88133
88134
88135
88136
88137
88138
88140
88142
88145
88147
88150
88151
88155
88156
88157
88159
88160
88161
88162
88163
88164
88165
88166
88168
88170
88171
88172
88176
88177
88178
88179
88181
88182
88188
88190
88191
88193
88194
88195
88198
88201
88202
88203
88204
88205
88207
88208
88209
88210
88212
88214
88215
88216
88217
88219
88220
88221
88222
88223
88224
88226
88227
88228
88231
88232
88233
88234
88235
88236
88237
88239
88240
88243
88245
88247
88248
88250
88251
88255
88257
88261
88264
88266
88267
88268
88270
88271
88273
88275
88276
88277
88279
88280
88282
88283
88284
88285
88287
88288
88291
88293
88294
88295
88297
88300
88301
88303
88307
88308
88309
88312
88313
88314
88316
88318
88321
88324
88325
88326
88327
88329
88332
88333
88334
88335
88336
88337
88339
88341
88343
88344
88345
88346
88347
88348
88351
88353
88355
88356
88358
88363
88366
88370
88371
88372
88375
88376
88378
88379
88380
88381
88382
88384
88385
88387
88388
88389
88391
88393
88394
88397
88398
88399
88402
88403
88406
88408
88411
88413
88416
88417
88418
88419
88422
88423
88424
88426
88427
88428
88429
88430
88431
88433
88434
88436
88438
88441
88442
88444
88446
88449
88451
88452
88453
88454
88455
88456
88457
88458
88459
88461
88462
88464
88465
88467
88468
88469
88470
88472
88475
88477
88478
88479
88482
88483
88486
88488
88490
88495
88496
88497
88498
88499
88501
88504
88505
88506
88507
88508
88512
88515
88517
88519
88520
88521
88524
88527
88528
88530
88531
88532
88533
88534
88535
88536
88539
88543
88544
88545
88550
88551
88555
88559
88560
88561
88564
88566
88567
88568
88569
88570
88573
88574
88576
88577
88578
88579
88580
88581
88582
88583
88584
88585
88586
88589
88591
88593
88596
88597
88598
88599
88600
88601
88605
88606
88607
88608
88609
88611
88613
88617
88618
88619
88621
88624
88625
88627
88628
88629
88630
88631
88635
88636
88637
88638
88639
88642
88643
88644
88645
88646
88647
88648
88649
88650
88651
88653
88654
88655
88656
88659
88662
88663
88664
88665
88666
88667
88669
88670
88671
88673
88676
88677
88679
88685
88687
88688
88689
88691
88692
88693
88694
88695
88696
88699
88700
88701
88703
88710
88711
88712
88715
88716
88719
88720
88723
88724
88725
88726
88727
88729
88730
88731
88732
88733
88734
88735
88736
88740
88742
88744
88746
88747
88748
88750
88751
88754
88756
88757
88759
88762
88763
88764
88765
88766
88770
88774
88775
88776
88777
88779
88780
88781
88782
88783
88785
88786
88788
88789
88791
88792
88793
88796
88797
88798
88799
88800
88801
88802
88803
88804
88805
88806
88807
88809
88810
88812
88815
88816
88817
88818
88819
88820
88821
88823
88824
88825
88826
88828
88830
88831
88832
88833
88834
88835
88836
88837
88838
88839
88840
88841
88842
88846
88848
88851
88852
88854
88857
88858
88859
88862
88863
88864
88865
88867
88868
88869
88872
88874
88875
88883
88884
88885
88887
88889
88890
88891
88892
88898
88901
88903
88905
88907
88908
88910
88911
88913
88915
88916
88917
88918
88919
88921
88924
88925
88926
88927
88929
88931
88933
88937
88938
88939
88941
88942
88946
88948
88949
88951
88953
88954
88956
88957
88958
88960
88963
88965
88966
88967
88969
88970
88972
88973
88974
88975
88977
88978
88979
88980
88982
88985
88986
88987
88988
88989
88990
88993
88994
88996
88997
88999
89002
89003
89005
89011
89012
89013
89014
89017
89018
89019
89023
89024
89025
89027
89029
89030
89031
89032
89033
89034
89035
89036
89037
89038
89039
89040
89041
89042
89044
89045
89047
89049
89050
89051
89053
89054
89056
89057
89062
89064
89066
89067
89069
89070
89072
89074
89077
89080
89081
89082
89083
89084
89087
89088
89090
89092
89093
89094
89095
89097
89098
89099
89100
89101
89105
89107
89108
89109
89110
89111
89116
89118
89120
89122
89123
89127
89129
89130
89131
89132
89133
89135
89137
89139
89140
89141
89143
89147
89148
89149
89151
89152
89154
89156
89160
89161
89162
89164
89165
89166
89172
89173
89174
89175
89176
89177
89181
89186
89189
89191
89192
89193
89194
89195
89198
89199
89200
89201
89204
89205
89206
89207
89208
89209
89210
89212
89214
89215
89216
89217
89218
89219
89222
89225
89227
89228
89229
89231
89233
89234
89236
89237
89239
89240
89243
89244
89245
89248
89250
89251
89252
89254
89256
89259
89262
89263
89264
89265
89266
89269
89270
89272
89273
89275
89276
89277
89278
89279
89280
89281
89282
89283
89285
89288
89289
89291
89292
89297
89299
89300
89301
89302
89304
89305
89306
89307
89311
89314
89315
89317
89318
89320
89321
89324
89325
89326
89328
89329
89330
89332
89333
89339
89340
89341
89342
89344
89346
89348
89351
89354
89355
89358
89359
89360
89363
89364
89365
89369
89370
89371
89372
89373
89374
89375
89376
89377
89379
89380
89381
89384
89385
89389
89390
89391
89393
89396
89397
89400
89401
89404
89405
89406
89408
89409
89410
89411
89412
89413
89415
89416
89417
89418
89419
89420
89423
89425
89426
89427
89429
89430
89433
89436
89437
89438
89440
89441
89442
89444
89445
89446
89447
89448
89449
89451
89453
89457
89458
89461
89462
89463
89465
89466
89467
89470
89471
89472
89473
89474
89475
89477
89478
89480
89481
89482
89483
89484
89486
89488
89489
89491
89493
89496
89497
89500
89501
89503
89504
89507
89508
89509
89511
89512
89513
89514
89516
89517
89521
89522
89524
89525
89527
89529
89530
89531
89533
89534
89535
89537
89541
89542
89543
89544
89545
89546
89548
89549
89550
89552
89553
89554
89555
89556
89559
89561
89562
89564
89568
89571
89572
89573
89576
89577
89578
89579
89580
89581
89582
89583
89584
89587
89588
89589
89590
89591
89593
89594
89595
89597
89598
89601
89602
89604
89605
89606
89607
89610
89612
89613
89614
89615
89616
89617
89618
89619
89620
89621
89622
89623
89624
89625
89626
89627
89629
89630
89631
89632
89633
89635
89636
89637
89638
89639
89641
89643
89644
89646
89648
89650
89651
89652
89655
89656
89657
89658
89659
89662
89663
89664
89665
89666
89668
89669
89670
89671
89672
89673
89675
89679
89680
89683
89685
89686
89687
89688
89689
89692
89693
89695
89696
89698
89699
89700
89702
89704
89705
89708
89709
89710
89712
89713
89714
89716
89717
89718
89719
89720
89721
89722
89723
89724
89725
89726
89727
89729
89730
89733
89736
89737
89738
89741
89742
89743
89746
89747
89748
89749
89751
89753
89754
89755
89756
89757
89758
89760
89761
89762
89763
89764
89765
89767
89768
89773
89774
89776
89777
89779
89781
89782
89783
89784
89785
89786
89788
89789
89792
89793
89798
89799
89800
89801
89807
89808
89809
89810
89811
89812
89813
89814
89815
89817
89818
89819
89822
89823
89824
89826
89827
89828
89830
89831
89833
89836
89838
89839
89840
89843
89844
89846
89849
89850
89852
89853
89854
89857
89859
89861
89862
89865
89866
89867
89868
89869
89870
89873
89876
89877
89878
89879
89881
89882
89883
89885
89887
89891
89892
89895
89896
89897
89901
89902
89903
89904
89905
89907
89908
89909
89910
89911
89918
89919
89921
89923
89924
89925
89926
89927
89928
89929
89930
89932
89933
89937
89939
89940
89941
89942
89944
89945
89946
89947
89952
89953
89956
89958
89960
89961
89962
89964
89965
89967
89968
89969
89970
89973
89977
89978
89979
89980
89981
89982
89984
89985
89986
89988
89989
89990
89992
89993
89995
89997
89999
90001
90002
90003
90004
90005
90007
90009
90011
90012
90014
90015
90016
90017
90018
90019
90020
90021
90023
90025
90027
90028
90030
90031
90034
90036
90038
90039
90040
90041
90044
90047
90049
90050
90051
90053
90055
90057
90058
90059
90062
90063
90064
90065
90066
90067
90072
90073
90075
90077
90078
90079
90081
90082
90084
90085
90086
90087
90088
90090
90091
90092
90093
90094
90095
90097
90098
90100
90102
90103
90104
90106
90107
90108
90109
90110
90112
90113
90116
90117
90118
90119
90120
90121
90122
90124
90125
90126
90128
90130
90131
90132
90133
90134
90135
90136
90137
90138
90140
90141
90142
90143
90145
90146
90148
90149
90150
90151
90152
90153
90157
90158
90159
90162
90164
90166
90171
90172
90174
90176
90178
90179
90180
90181
90183
90185
90186
90187
90189
90190
90192
90193
90194
90195
90196
90197
90198
90200
90201
90202
90203
90205
90206
90209
90211
90213
90214
90216
90217
90218
90220
90221
90224
90225
90230
90231
90232
90234
90235
90236
90237
90238
90239
90241
90246
90247
90249
90251
90252
90253
90255
90256
90258
90260
90261
90263
90264
90265
90267
90268
90270
90272
90273
90274
90275
90276
90277
90279
90280
90283
90284
90285
90290
90292
90295
90298
90299
90302
90305
90308
90309
90310
90311
90312
90313
90314
90315
90317
90318
90321
90323
90324
90325
90326
90328
90329
90330
90331
90332
90333
90335
90336
90337
90338
90340
90341
90343
90345
90348
90349
90350
90351
90353
90355
90357
90358
90359
90361
90362
90368
90369
90373
90374
90376
90377
90378
90379
90380
90381
90382
90385
90387
90389
90390
90391
90392
90395
90396
90397
90398
90401
90402
90403
90404
90405
90406
90407
90408
90410
90412
90413
90414
90415
90417
90419
90420
90421
90423
90424
90425
90427
90428
90430
90431
90432
90434
90435
90436
90438
90439
90440
90441
90442
90443
90444
90445
90446
90449
90450
90452
90453
90455
90457
90459
90461
90465
90466
90467
90468
90470
90471
90472
90473
90474
90477
90480
90481
90482
90483
90484
90487
90489
90491
90492
90494
90495
90497
90498
90502
90503
90504
90505
90506
90507
90508
90509
90511
90513
90516
90518
90519
90520
90521
90522
90523
90525
90526
90528
90530
90531
90533
90535
90536
90537
90539
90540
90541
90542
90545
90546
90547
90548
90549
90551
90552
90555
90556
90558
90561
90564
90566
90567
90568
90570
90571
90572
90573
90574
90575
90576
90577
90578
90579
90580
90581
90582
90583
90584
90585
90587
90588
90589
90590
90591
90592
90594
90595
90597
90599
90600
90602
90604
90605
90607
90608
90610
90611
90612
90616
90617
90619
90621
90625
90626
90627
90628
90629
90630
90631
90633
90634
90639
90640
90641
90644
90645
90646
90647
90649
90651
90652
90653
90655
90656
90657
90658
90660
90661
90662
90663
90664
90666
90667
90669
90670
90671
90673
90674
90676
90679
90680
90682
90685
90687
90688
90689
90691
90692
90693
90694
90695
90696
90697
90698
90699
90700
90701
90703
90704
90705
90706
90707
90711
90713
90714
90715
90718
90720
90721
90729
90730
90732
90736
90737
90738
90739
90741
90745
90746
90747
90748
90749
90750
90752
90754
90755
90757
90760
90761
90762
90763
90765
90767
90768
90769
90773
90775
90777
90779
90783
90784
90785
90786
90787
90788
90789
90790
90792
90793
90795
90796
90797
90801
90802
90803
90804
90805
90806
90808
90810
90811
90812
90813
90815
90819
90820
90823
90824
90826
90827
90828
90829
90831
90832
90833
90835
90837
90838
90840
90841
90842
90843
90845
90846
90847
90848
90849
90851
90855
90859
90860
90864
90865
90866
90867
90868
90870
90871
90873
90874
90875
90876
90877
90882
90883
90885
90888
90889
90891
90892
90893
90895
90897
90900
90901
90902
90903
90904
90908
90909
90910
90911
90912
90913
90914
90915
90916
90917
90918
90920
90923
90925
90927
90930
90931
90934
90935
90936
90937
90939
90941
90943
90944
90948
90950
90951
90952
90954
90955
90956
90957
90958
90960
90961
90963
90967
90971
90973
90975
90976
90977
90978
90979
90980
90981
90982
90983
90984
90985
90986
90987
90990
90993
90994
90995
90996
90997
90998
90999
91001
91002
91004
91005
91006
91007
91008
91010
91011
91013
91014
91015
91016
91017
91018
91021
91023
91024
91025
91026
91028
91030
91031
91033
91035
91036
91038
91040
91041
91043
91044
91045
91046
91047
91050
91052
91053
91054
91055
91056
91057
91058
91060
91062
91063
91065
91066
91068
91069
91070
91072
91073
91075
91078
91079
91080
91081
91082
91083
91089
91090
91091
91093
91094
91097
91098
91099
91102
91104
91105
91106
91107
91108
91110
91111
91112
91114
91115
91116
91118
91120
91122
91124
91126
91127
91128
91132
91134
91135
91137
91138
91139
91141
91142
91145
91146
91147
91148
91152
91157
91158
91160
91161
91162
91163
91164
91166
91167
91168
91169
91171
91172
91173
91176
91177
91178
91179
91180
91181
91182
91183
91185
91186
91189
91190
91191
91192
91193
91194
91195
91196
91199
91201
91203
91204
91205
91206
91207
91210
91211
91212
91213
91214
91216
91219
91220
91221
91222
91224
91226
91227
91228
91229
91231
91234
91235
91236
91237
91238
91239
91240
91241
91243
91244
91246
91248
91249
91251
91252
91253
91255
91256
91257
91258
91264
91265
91268
91269
91274
91276
91278
91279
91281
91282
91283
91284
91285
91286
91288
91289
91290
91291
91293
91294
91295
91296
91297
91299
91301
91302
91304
91305
91306
91308
91310
91311
91315
91316
91317
91318
91319
91320
91321
91322
91323
91324
91325
91328
91329
91331
91332
91333
91334
91335
91337
91338
91340
91341
91343
91346
91347
91350
91352
91355
91358
91361
91362
91363
91364
91366
91367
91368
91371
91372
91374
91375
91376
91379
91380
91381
91382
91383
91384
91385
91387
91388
91389
91390
91391
91392
91393
91394
91396
91397
91398
91399
91400
91401
91402
91403
91404
91405
91407
91409
91412
91413
91415
91416
91417
91418
91420
91422
91423
91429
91431
91432
91433
91434
91435
91436
91439
91440
91441
91443
91445
91446
91447
91451
91453
91455
91458
91459
91461
91463
91466
91468
91469
91470
91471
91473
91475
91476
91477
91478
91482
91483
91486
91487
91488
91489
91491
91492
91493
91495
91496
91498
91501
91503
91504
91505
91507
91509
91510
91511
91513
91514
91515
91516
91518
91519
91520
91521
91522
91527
91528
91530
91531
91535
91537
91538
91540
91541
91543
91544
91549
91550
91554
91556
91560
91562
91567
91568
91576
91579
91580
91581
91582
91585
91586
91587
91588
91589
91590
91591
91593
91595
91596
91597
91598
91599
91602
91603
91604
91605
91609
91610
91613
91614
91615
91616
91617
91618
91620
91624
91626
91627
91629
91630
91631
91632
91634
91636
91637
91639
91640
91641
91642
91643
91644
91645
91646
91647
91648
91650
91651
91652
91653
91654
91655
91657
91659
91660
91665
91667
91670
91671
91672
91674
91675
91678
91681
91683
91684
91685
91686
91687
91689
91690
91691
91692
91694
91696
91697
91699
91700
91702
91704
91705
91706
91710
91712
91714
91715
91716
91718
91719
91720
91722
91723
91724
91725
91727
91730
91731
91733
91734
91735
91736
91737
91738
91739
91740
91741
91742
91743
91745
91749
91750
91751
91752
91753
91754
91755
91757
91758
91759
91760
91763
91765
91767
91768
91769
91770
91771
91772
91773
91774
91775
91777
91779
91780
91781
91782
91783
91784
91788
91791
91792
91794
91799
91801
91802
91803
91805
91806
91808
91809
91810
91811
91812
91815
91817
91821
91822
91825
91826
91827
91828
91829
91830
91831
91832
91834
91835
91840
91842
91844
91848
91849
91851
91852
91853
91854
91857
91859
91860
91862
91864
91865
91866
91867
91871
91872
91873
91875
91877
91878
91880
91881
91884
91885
91887
91888
91889
91892
91893
91894
91895
91896
91897
91898
91899
91900
91901
91904
91905
91906
91907
91908
91909
91910
91911
91913
91915
91916
91917
91918
91919
91921
91922
91923
91924
91925
91926
91928
91929
91933
91934
91936
91937
91938
91939
91944
91945
91947
91948
91950
91951
91955
91956
91957
91958
91960
91963
91964
91966
91967
91969
91970
91971
91972
91973
91974
91975
91976
91977
91978
91979
91980
91983
91984
91986
91987
91990
91991
91992
91996
91997
91998
91999
92000
92001
92003
92006
92007
92008
92010
92011
92012
92015
92017
92018
92020
92023
92025
92027
92028
92029
92030
92031
92032
92033
92034
92035
92036
92037
92038
92039
92040
92041
92042
92043
92044
92046
92047
92051
92053
92055
92056
92058
92061
92064
92067
92068
92070
92071
92072
92073
92074
92078
92079
92081
92085
92091
92092
92093
92095
92096
92097
92098
92099
92100
92103
92104
92105
92106
92107
92109
92110
92111
92112
92113
92114
92115
92116
92120
92126
92129
92130
92131
92134
92135
92136
92137
92138
92139
92140
92141
92142
92143
92144
92147
92148
92149
92151
92152
92154
92155
92156
92158
92159
92160
92162
92164
92165
92166
92168
92170
92171
92172
92174
92175
92176
92179
92180
92181
92184
92187
92188
92190
92196
92197
92198
92199
92200
92201
92202
92205
92208
92211
92212
92213
92214
92215
92216
92220
92221
92222
92223
92224
92226
92227
92228
92229
92233
92236
92238
92240
92241
92242
92243
92244
92246
92247
92248
92249
92251
92252
92253
92254
92257
92258
92259
92260
92263
92265
92266
92267
92268
92269
92272
92273
92274
92275
92276
92278
92279
92281
92282
92283
92284
92285
92286
92287
92288
92289
92290
92291
92293
92294
92295
92297
92298
92300
92301
92303
92304
92305
92308
92309
92310
92312
92314
92315
92316
92317
92318
92320
92321
92324
92330
92331
92332
92334
92336
92339
92340
92341
92343
92345
92348
92349
92350
92351
92352
92353
92354
92355
92357
92358
92360
92362
92364
92365
92366
92368
92369
92370
92372
92373
92374
92375
92376
92377
92378
92379
92380
92382
92383
92386
92387
92388
92389
92390
92391
92392
92396
92398
92399
92401
92403
92404
92405
92406
92407
92408
92409
92410
92412
92413
92414
92417
92419
92422
92424
92426
92427
92429
92430
92432
92433
92434
92435
92436
92437
92438
92439
92441
92442
92443
92446
92447
92448
92449
92450
92451
92454
92455
92457
92458
92460
92461
92464
92466
92467
92468
92469
92470
92471
92472
92473
92474
92476
92478
92479
92480
92481
92482
92484
92485
92486
92487
92491
92492
92493
92494
92495
92497
92499
92502
92503
92504
92505
92506
92507
92508
92509
92511
92512
92513
92514
92515
92516
92518
92519
92520
92521
92522
92523
92524
92529
92530
92531
92532
92533
92534
92536
92540
92541
92542
92543
92544
92546
92547
92549
92550
92551
92552
92553
92554
92558
92560
92561
92562
92563
92564
92567
92572
92574
92575
92576
92577
92578
92579
92581
92582
92583
92589
92591
92592
92594
92595
92596
92598
92599
92602
92604
92605
92607
92609
92610
92613
92614
92617
92618
92619
92620
92621
92623
92624
92626
92627
92628
92629
92630
92631
92632
92633
92634
92635
92639
92641
92643
92646
92647
92648
92649
92651
92652
92655
92657
92658
92660
92661
92663
92664
92665
92667
92669
92670
92672
92673
92674
92675
92676
92677
92678
92679
92680
92681
92682
92683
92684
92685
92687
92688
92689
92692
92693
92697
92698
92700
92701
92702
92704
92706
92707
92708
92710
92713
92715
92716
92720
92722
92723
92724
92725
92726
92730
92733
92735
92736
92740
92742
92744
92746
92747
92748
92749
92750
92751
92752
92753
92754
92755
92757
92758
92759
92764
92766
92767
92768
92769
92770
92771
92772
92773
92775
92776
92777
92780
92781
92782
92784
92785
92786
92787
92789
92790
92793
92796
92798
92800
92801
92802
92803
92804
92806
92807
92808
92812
92813
92815
92819
92821
92822
92823
92826
92827
92829
92831
92833
92834
92835
92837
92839
92840
92844
92846
92847
92848
92851
92852
92853
92854
92855
92857
92859
92860
92864
92865
92867
92868
92869
92870
92871
92873
92875
92877
92879
92880
92883
92884
92885
92886
92889
92891
92892
92893
92896
92897
92898
92899
92900
92901
92902
92903
92905
92906
92907
92908
92909
92910
92911
92913
92914
92916
92918
92919
92920
92921
92923
92925
92926
92927
92928
92929
92930
92932
92933
92934
92935
92936
92937
92938
92939
92940
92941
92943
92946
92947
92949
92951
92952
92954
92955
92958
92959
92960
92961
92966
92967
92968
92971
92974
92976
92978
92979
92980
92981
92984
92986
92988
92989
92992
92993
92997
92999
93001
93003
93004
93005
93007
93009
93010
93013
93017
93020
93021
93025
93028
93032
93034
93036
93037
93039
93040
93041
93042
93044
93046
93047
93048
93050
93051
93052
93055
93056
93059
93061
93062
93064
93067
93068
93071
93072
93073
93076
93077
93079
93080
93085
93086
93087
93088
93092
93095
93097
93098
93099
93100
93101
93106
93107
93108
93109
93110
93111
93113
93114
93115
93116
93117
93118
93119
93120
93122
93123
93124
93126
93127
93130
93131
93140
93141
93143
93144
93145
93146
93148
93149
93150
93151
93152
93156
93157
93160
93161
93162
93165
93167
93168
93170
93172
93175
93177
93179
93180
93181
93183
93184
93185
93187
93189
93190
93191
93192
93194
93196
93197
93200
93201
93205
93206
93207
93208
93209
93211
93213
93214
93215
93217
93219
93222
93223
93224
93225
93227
93228
93229
93231
93232
93233
93236
93237
93241
93242
93244
93247
93248
93249
93250
93251
93252
93254
93255
93256
93257
93258
93259
93260
93263
93264
93265
93266
93267
93268
93269
93270
93273
93274
93276
93278
93280
93281
93284
93287
93289
93290
93291
93293
93294
93295
93296
93297
93298
93299
93300
93301
93302
93304
93305
93307
93308
93309
93311
93312
93313
93315
93317
93319
93321
93325
93327
93328
93329
93330
93335
93336
93338
93339
93340
93341
93342
93343
93345
93346
93351
93352
93353
93354
93355
93356
93358
93359
93360
93361
93364
93365
93366
93367
93368
93369
93370
93371
93372
93373
93374
93378
93379
93380
93381
93383
93384
93385
93386
93388
93389
93390
93394
93395
93398
93400
93403
93404
93405
93406
93407
93408
93409
93412
93414
93415
93416
93417
93419
93420
93421
93422
93423
93424
93427
93428
93429
93432
93433
93434
93435
93436
93437
93438
93440
93441
93442
93444
93445
93447
93448
93449
93450
93452
93453
93454
93455
93456
93459
93460
93461
93464
93466
93467
93468
93469
93471
93472
93473
93476
93478
93479
93481
93483
93485
93486
93489
93491
93492
93493
93494
93495
93496
93497
93498
93499
93500
93502
93503
93504
93506
93507
93508
93510
93514
93516
93518
93519
93520
93522
93525
93526
93528
93529
93530
93531
93534
93537
93538
93540
93542
93543
93544
93547
93548
93552
93553
93556
93557
93560
93561
93562
93563
93564
93565
93567
93568
93570
93571
93573
93574
93575
93576
93577
93578
93581
93582
93584
93586
93590
93591
93593
93594
93595
93598
93599
93600
93602
93603
93604
93605
93606
93608
93609
93610
93613
93614
93618
93619
93620
93622
93625
93627
93628
93629
93630
93631
93633
93634
93638
93639
93640
93641
93642
93645
93647
93649
93650
93651
93652
93653
93654
93655
93656
93658
93659
93660
93661
93662
93663
93666
93668
93671
93672
93673
93675
93676
93678
93679
93680
93682
93683
93684
93685
93686
93687
93688
93694
93695
93696
93698
93701
93702
93703
93704
93705
93708
93712
93713
93714
93715
93716
93717
93718
93721
93722
93723
93726
93729
93730
93731
93733
93734
93735
93736
93738
93739
93740
93741
93742
93743
93746
93747
93750
93751
93752
93753
93756
93757
93758
93759
93764
93766
93767
93768
93769
93772
93777
93783
93784
93786
93787
93788
93791
93792
93794
93795
93796
93797
93798
93799
93800
93801
93804
93805
93806
93807
93808
93810
93813
93814
93815
93816
93818
93819
93820
93821
93822
93823
93824
93825
93826
93827
93828
93831
93832
93834
93835
93836
93838
93839
93841
93842
93843
93846
93847
93849
93850
93852
93855
93856
93857
93858
93859
93860
93863
93864
93865
93866
93868
93869
93870
93873
93875
93876
93877
93878
93880
93881
93882
93883
93885
93886
93888
93890
93891
93892
93893
93894
93895
93898
93899
93901
93903
93904
93905
93906
93907
93909
93911
93912
93913
93914
93915
93916
93917
93918
93919
93921
93922
93923
93924
93925
93926
93928
93930
93931
93932
93936
93937
93938
93939
93940
93941
93942
93944
93945
93946
93947
93948
93949
93951
93953
93954
93955
93956
93957
93958
93959
93960
93962
93964
93965
93966
93967
93968
93971
93973
93975
93977
93978
93979
93982
93983
93984
93987
93988
93990
93991
93993
93996
93997
93998
94000
94001
94003
94004
94005
94006
94008
94010
94012
94013
94015
94016
94018
94020
94021
94022
94023
94025
94028
94030
94032
94034
94035
94038
94042
94043
94045
94046
94049
94050
94052
94053
94054
94055
94058
94059
94060
94061
94062
94063
94064
94065
94067
94068
94071
94072
94074
94075
94078
94081
94082
94084
94089
94090
94091
94093
94095
94096
94097
94098
94099
94100
94101
94103
94104
94105
94106
94107
94109
94110
94112
94114
94115
94116
94117
94118
94120
94121
94122
94124
94125
94126
94128
94129
94132
94133
94136
94138
94139
94140
94141
94142
94143
94144
94145
94148
94149
94150
94151
94152
94154
94155
94156
94159
94160
94161
94163
94164
94166
94169
94170
94171
94172
94173
94174
94175
94176
94179
94180
94182
94184
94187
94188
94189
94190
94191
94192
94193
94194
94195
94196
94198
94200
94201
94203
94205
94206
94209
94212
94213
94215
94217
94218
94219
94221
94223
94224
94226
94232
94233
94234
94236
94239
94240
94241
94242
94243
94245
94246
94248
94249
94250
94251
94252
94254
94256
94258
94260
94261
94262
94264
94265
94266
94268
94270
94272
94273
94276
94277
94278
94280
94284
94287
94288
94289
94290
94292
94294
94296
94297
94298
94299
94300
94301
94302
94303
94304
94307
94311
94312
94313
94314
94315
94316
94317
94318
94319
94321
94322
94324
94325
94326
94327
94328
94329
94330
94331
94333
94334
94336
94338
94340
94341
94342
94343
94344
94345
94348
94349
94352
94353
94356
94357
94358
94359
94360
94361
94362
94363
94365
94367
94369
94370
94372
94374
94375
94377
94379
94381
94383
94384
94385
94388
94389
94390
94392
94395
94397
94399
94400
94401
94402
94403
94404
94408
94409
94411
94412
94414
94415
94416
94417
94418
94419
94420
94424
94425
94428
94429
94430
94432
94433
94434
94437
94438
94441
94442
94444
94445
94446
94448
94449
94450
94451
94454
94455
94456
94459
94460
94462
94464
94465
94466
94471
94472
94473
94474
94475
94476
94477
94479
94480
94481
94482
94483
94485
94487
94490
94491
94493
94494
94495
94496
94497
94498
94501
94502
94504
94505
94506
94508
94510
94511
94512
94515
94517
94518
94519
94520
94521
94522
94524
94525
94526
94530
94531
94532
94534
94538
94541
94542
94543
94546
94547
94548
94550
94551
94554
94557
94558
94559
94560
94561
94563
94564
94565
94566
94567
94569
94570
94571
94573
94576
94578
94580
94581
94583
94584
94585
94586
94588
94589
94590
94591
94594
94595
94596
94597
94598
94599
94604
94606
94607
94608
94609
94610
94611
94612
94613
94614
94615
94618
94620
94621
94622
94623
94624
94626
94628
94629
94630
94631
94634
94635
94636
94638
94639
94643
94644
94645
94647
94653
94656
94658
94659
94661
94664
94667
94668
94670
94671
94673
94674
94675
94676
94677
94680
94683
94684
94685
94686
94688
94690
94693
94694
94695
94696
94698
94699
94700
94701
94702
94703
94704
94706
94712
94718
94719
94720
94721
94722
94723
94725
94728
94729
94730
94733
94735
94739
94740
94741
94743
94744
94745
94748
94749
94750
94751
94752
94753
94754
94756
94757
94759
94760
94761
94762
94763
94765
94766
94768
94769
94770
94771
94772
94773
94774
94776
94777
94778
94779
94780
94782
94783
94784
94785
94786
94789
94790
94791
94792
94793
94794
94796
94798
94800
94801
94802
94803
94804
94805
94806
94807
94810
94811
94812
94813
94815
94818
94819
94820
94822
94823
94826
94830
94832
94833
94834
94836
94837
94838
94839
94841
94843
94844
94845
94846
94847
94848
94850
94851
94853
94854
94856
94857
94858
94859
94862
94863
94864
94866
94868
94869
94870
94871
94872
94875
94876
94878
94879
94882
94883
94884
94885
94889
94891
94892
94893
94894
94896
94897
94898
94903
94904
94905
94906
94907
94908
94909
94912
94913
94914
94916
94919
94921
94922
94924
94926
94929
94930
94931
94932
94933
94934
94935
94936
94940
94943
94947
94948
94949
94951
94952
94954
94956
94957
94958
94959
94961
94963
94964
94965
94967
94968
94969
94970
94972
94975
94978
94979
94980
94985
94986
94987
94988
94990
94991
94993
94994
94995
94996
94997
94999
95000
95002
95003
95004
95008
95010
95012
95013
95014
95015
95016
95017
95018
95019
95020
95021
95022
95023
95024
95027
95028
95029
95030
95031
95033
95038
95039
95040
95041
95043
95044
95045
95047
95048
95049
95051
95052
95053
95055
95056
95057
95058
95059
95061
95062
95066
95068
95069
95071
95072
95073
95074
95076
95078
95080
95081
95082
95083
95084
95086
95088
95091
95093
95094
95095
95096
95097
95099
95100
95101
95102
95103
95109
95113
95115
95116
95117
95118
95121
95122
95123
95124
95125
95127
95129
95130
95131
95132
95133
95136
95137
95138
95139
95140
95141
95142
95143
95145
95148
95149
95154
95155
95156
95159
95161
95162
95163
95166
95167
95168
95169
95170
95171
95172
95173
95174
95177
95178
95180
95183
95184
95185
95188
95189
95190
95192
95193
95198
95200
95201
95202
95204
95205
95206
95208
95210
95211
95212
95213
95214
95215
95217
95219
95220
95222
95223
95225
95226
95227
95228
95230
95232
95233
95234
95236
95238
95239
95240
95241
95242
95243
95244
95245
95246
95247
95248
95252
95253
95254
95256
95257
95260
95261
95262
95263
95264
95268
95270
95271
95273
95274
95278
95280
95281
95282
95283
95284
95285
95286
95287
95292
95294
95295
95296
95297
95301
95303
95305
95307
95308
95309
95310
95311
95313
95314
95317
95319
95320
95321
95322
95323
95324
95325
95326
95328
95329
95331
95334
95337
95340
95342
95343
95352
95353
95356
95361
95362
95363
95365
95366
95370
95371
95373
95374
95375
95376
95377
95378
95379
95380
95381
95382
95384
95385
95386
95387
95388
95389
95390
95393
95397
95398
95399
95400
95401
95403
95404
95405
95406
95407
95408
95409
95410
95411
95413
95414
95415
95416
95417
95418
95419
95421
95422
95423
95425
95429
95430
95431
95432
95434
95435
95436
95437
95438
95439
95440
95441
95443
95444
95445
95450
95452
95453
95454
95455
95456
95457
95458
95461
95462
95465
95466
95467
95469
95471
95472
95473
95475
95476
95477
95478
95479
95481
95482
95483
95485
95487
95491
95492
95493
95494
95495
95496
95500
95501
95502
95503
95505
95506
95508
95509
95510
95511
95512
95513
95518
95519
95520
95521
95524
95525
95526
95531
95533
95534
95535
95537
95538
95540
95541
95542
95543
95545
95546
95547
95548
95549
95550
95552
95553
95554
95556
95560
95561
95562
95564
95567
95568
95569
95571
95572
95573
95578
95581
95582
95585
95586
95587
95591
95593
95594
95595
95597
95600
95603
95604
95607
95608
95610
95611
95612
95613
95615
95616
95619
95621
95622
95624
95626
95629
95630
95634
95635
95636
95638
95642
95644
95645
95646
95652
95653
95656
95662
95664
95665
95668
95669
95671
95673
95676
95677
95678
95679
95681
95682
95683
95685
95686
95689
95691
95693
95695
95697
95698
95699
95700
95701
95702
95707
95708
95709
95711
95712
95716
95717
95718
95719
95721
95722
95723
95724
95726
95727
95728
95732
95734
95735
95736
95737
95738
95740
95742
95743
95745
95746
95747
95748
95749
95751
95752
95755
95756
95757
95758
95759
95762
95764
95766
95768
95769
95772
95774
95776
95777
95778
95779
95780
95781
95782
95783
95784
95785
95786
95792
95793
95795
95796
95797
95799
95800
95803
95805
95807
95808
95811
95812
95813
95814
95815
95816
95817
95818
95819
95820
95821
95822
95823
95824
95825
95826
95828
95830
95831
95832
95833
95835
95836
95840
95841
95842
95844
95845
95846
95847
95848
95849
95851
95854
95855
95856
95857
95858
95859
95861
95862
95864
95865
95867
95870
95871
95872
95874
95875
95877
95878
95879
95881
95882
95885
95886
95887
95889
95891
95892
95893
95894
95897
95898
95900
95901
95903
95904
95905
95906
95909
95910
95911
95912
95913
95915
95916
95918
95919
95922
95923
95926
95927
95928
95929
95932
95933
95934
95936
95938
95940
95941
95942
95944
95946
95949
95950
95951
95953
95954
95955
95957
95958
95960
95962
95964
95967
95968
95969
95970
95971
95972
95975
95978
95979
95980
95981
95982
95983
95984
95985
95986
95987
95989
95992
95993
95994
95995
95997
95998
95999
96000
96001
96002
96004
96005
96008
96010
96011
96013
96016
96017
96018
96021
96023
96024
96025
96027
96028
96029
96030
96033
96035
96036
96037
96041
96043
96044
96045
96048
96049
96052
96053
96054
96055
96058
96059
96060
96061
96062
96064
96067
96068
96069
96070
96071
96072
96073
96076
96078
96081
96083
96084
96085
96087
96088
96089
96090
96091
96092
96093
96095
96098
96099
96101
96103
96104
96106
96108
96109
96110
96111
96113
96114
96118
96119
96120
96124
96125
96126
96127
96129
96130
96131
96132
96135
96138
96139
96140
96142
96143
96144
96145
96148
96149
96154
96156
96157
96158
96159
96162
96163
96164
96165
96168
96169
96172
96173
96174
96175
96176
96177
96178
96180
96183
96184
96186
96188
96189
96192
96193
96194
96199
96202
96205
96206
96207
96208
96211
96213
96215
96217
96219
96224
96226
96227
96229
96230
96234
96236
96237
96238
96239
96240
96241
96242
96244
96245
96246
96251
96252
96253
96254
96255
96257
96259
96260
96261
96262
96264
96265
96266
96267
96269
96270
96271
96272
96273
96274
96275
96276
96277
96278
96279
96282
96283
96284
96285
96286
96287
96288
96289
96290
96293
96294
96295
96296
96297
96298
96299
96301
96302
96304
96305
96307
96308
96309
96313
96315
96316
96318
96319
96322
96324
96325
96326
96327
96328
96330
96331
96332
96333
96335
96339
96341
96342
96343
96345
96346
96349
96350
96351
96352
96353
96354
96355
96356
96363
96364
96365
96366
96367
96369
96371
96373
96375
96376
96377
96379
96380
96381
96382
96383
96385
96387
96389
96400
96402
96403
96404
96406
96407
96408
96412
96414
96415
96416
96417
96418
96419
96420
96421
96422
96424
96425
96427
96428
96429
96430
96431
96432
96436
96438
96441
96442
96443
96444
96445
96447
96448
96449
96450
96451
96452
96453
96454
96455
96457
96459
96460
96462
96464
96466
96469
96470
96471
96473
96474
96475
96476
96478
96480
96481
96482
96483
96485
96487
96488
96491
96493
96494
96496
96497
96498
96499
96500
96501
96502
96504
96508
96509
96510
96512
96513
96514
96516
96520
96523
96526
96528
96529
96530
96533
96534
96535
96537
96538
96540
96541
96542
96544
96546
96547
96548
96550
96552
96553
96555
96558
96559
96560
96561
96562
96563
96564
96565
96566
96571
96574
96575
96576
96577
96578
96579
96580
96581
96585
96586
96588
96590
96591
96594
96595
96596
96599
96600
96601
96603
96604
96605
96609
96610
96611
96614
96620
96621
96624
96626
96627
96629
96630
96632
96633
96634
96635
96636
96637
96638
96639
96640
96641
96643
96644
96645
96646
96647
96648
96649
96650
96651
96654
96656
96657
96660
96662
96663
96666
96667
96668
96669
96670
96673
96675
96676
96680
96684
96686
96687
96688
96689
96691
96692
96693
96694
96695
96697
96698
96699
96700
96701
96702
96703
96704
96706
96707
96708
96709
96712
96714
96715
96716
96718
96719
96720
96721
96722
96724
96727
96729
96730
96731
96732
96736
96737
96738
96742
96746
96747
96752
96755
96757
96758
96760
96761
96764
96765
96768
96769
96770
96773
96774
96775
96777
96778
96779
96780
96784
96785
96787
96788
96791
96792
96793
96794
96795
96796
96798
96799
96802
96804
96806
96808
96810
96811
96812
96813
96815
96816
96819
96821
96824
96825
96827
96828
96830
96832
96833
96834
96835
96837
96838
96839
96840
96841
96843
96845
96848
96849
96851
96852
96853
96854
96855
96857
96859
96860
96861
96867
96868
96869
96870
96871
96872
96873
96874
96876
96879
96880
96881
96884
96885
96886
96888
96889
96892
96895
96899
96902
96904
96905
96906
96907
96908
96910
96912
96913
96916
96917
96920
96921
96923
96924
96929
96930
96932
96933
96934
96935
96939
96940
96941
96942
96944
96946
96947
96948
96952
96953
96954
96955
96956
96957
96958
96959
96960
96961
96962
96965
96968
96970
96971
96975
96976
96977
96979
96982
96984
96985
96986
96987
96988
96990
96991
96992
96994
96995
96996
96997
96998
96999
97000
97001
97002
97003
97005
97006
97009
97010
97011
97013
97015
97016
97017
97018
97019
97026
97027
97029
97030
97031
97033
97034
97035
97039
97041
97042
97043
97044
97045
97047
97049
97050
97054
97055
97056
97057
97058
97060
97061
97063
97066
97067
97069
97070
97071
97076
97077
97078
97079
97080
97081
97082
97083
97084
97085
97087
97088
97089
97093
97095
97098
97099
97100
97101
97102
97103
97108
97110
97111
97112
97113
97114
97115
97116
97117
97118
97119
97123
97125
97126
97128
97131
97132
97133
97136
97140
97141
97142
97143
97145
97146
97147
97148
97150
97151
97152
97153
97155
97157
97158
97160
97164
97166
97167
97170
97171
97172
97175
97176
97178
97180
97181
97185
97186
97187
97188
97189
97190
97191
97194
97195
97198
97199
97200
97202
97203
97204
97205
97206
97207
97213
97215
97216
97218
97220
97221
97222
97224
97225
97227
97228
97229
97230
97231
97232
97233
97235
97238
97240
97242
97243
97244
97245
97246
97249
97251
97252
97254
97256
97258
97262
97263
97265
97270
97271
97272
97275
97276
97277
97278
97279
97280
97281
97282
97284
97286
97287
97288
97290
97291
97292
97293
97295
97297
97298
97300
97302
97305
97306
97310
97311
97312
97313
97315
97318
97319
97321
97323
97324
97325
97326
97327
97329
97331
97333
97334
97337
97338
97339
97340
97342
97343
97346
97348
97352
97353
97356
97358
97359
97360
97362
97364
97365
97368
97370
97372
97374
97375
97376
97377
97378
97379
97380
97381
97383
97387
97390
97391
97392
97393
97394
97395
97397
97398
97399
97400
97403
97404
97405
97406
97408
97410
97411
97413
97414
97417
97418
97421
97422
97423
97425
97426
97427
97429
97432
97436
97438
97440
97441
97442
97444
97446
97449
97450
97455
97457
97459
97460
97464
97466
97468
97469
97470
97471
97472
97481
97482
97483
97484
97486
97487
97488
97489
97491
97492
97493
97494
97495
97496
97498
97499
97500
97501
97502
97504
97506
97508
97509
97510
97511
97512
97513
97514
97515
97518
97520
97521
97522
97523
97524
97526
97528
97530
97532
97534
97535
97537
97540
97542
97543
97544
97546
97547
97548
97549
97550
97551
97552
97554
97555
97556
97557
97560
97561
97562
97563
97565
97569
97570
97573
97575
97578
97580
97581
97582
97584
97586
97587
97590
97594
97595
97598
97599
97604
97605
97606
97608
97609
97610
97611
97612
97613
97614
97616
97619
97620
97624
97626
97628
97629
97630
97631
97632
97634
97635
97638
97639
97640
97642
97643
97645
97647
97649
97651
97652
97653
97654
97655
97658
97659
97660
97662
97664
97665
97666
97667
97668
97669
97670
97671
97672
97673
97674
97676
97678
97679
97680
97681
97682
97683
97685
97686
97687
97689
97690
97694
97697
97698
97699
97700
97702
97703
97704
97705
97706
97709
97710
97711
97712
97714
97715
97717
97719
97720
97723
97726
97727
97728
97729
97730
97731
97732
97734
97735
97736
97739
97741
97742
97743
97744
97745
97746
97747
97750
97752
97753
97754
97755
97756
97757
97758
97759
97761
97762
97763
97764
97767
97770
97771
97772
97774
97775
97776
97777
97778
97781
97783
97784
97786
97787
97788
97790
97791
97793
97794
97797
97800
97801
97802
97803
97807
97808
97809
97810
97814
97815
97816
97819
97821
97822
97823
97824
97825
97826
97827
97828
97829
97830
97832
97833
97834
97835
97836
97838
97839
97840
97842
97843
97844
97847
97848
97849
97850
97852
97853
97854
97857
97858
97859
97860
97864
97865
97866
97867
97868
97871
97872
97873
97874
97875
97878
97879
97881
97884
97885
97886
97887
97888
97889
97890
97891
97893
97895
97896
97897
97899
97900
97901
97902
97905
97906
97908
97911
97913
97914
97916
97917
97919
97921
97923
97926
97927
97929
97930
97933
97935
97942
97945
97946
97947
97950
97951
97952
97953
97954
97956
97958
97960
97961
97964
97965
97969
97973
97976
97978
97979
97983
97984
97985
97987
97989
97990
97991
97992
97993
97996
97997
97998
97999
98003
98004
98006
98007
98009
98011
98012
98013
98014
98017
98020
98023
98025
98026
98028
98030
98031
98033
98035
98039
98040
98041
98042
98044
98045
98047
98048
98049
98050
98051
98052
98053
98054
98056
98057
98058
98059
98065
98070
98071
98076
98077
98078
98079
98081
98082
98083
98084
98085
98086
98087
98088
98089
98090
98091
98092
98094
98095
98097
98099
98101
98103
98104
98105
98106
98109
98112
98114
98115
98119
98120
98121
98122
98123
98124
98125
98126
98127
98130
98132
98133
98134
98135
98136
98137
98138
98139
98141
98142
98143
98144
98146
98147
98148
98149
98150
98151
98153
98155
98156
98159
98161
98163
98164
98165
98168
98169
98170
98173
98174
98176
98177
98180
98182
98183
98184
98185
98187
98188
98192
98193
98195
98199
98203
98205
98206
98207
98210
98211
98212
98214
98216
98219
98220
98221
98222
98223
98224
98225
98226
98228
98229
98230
98231
98232
98236
98237
98238
98239
98242
98243
98244
98246
98247
98249
98250
98252
98253
98254
98255
98256
98258
98259
98261
98262
98263
98265
98267
98269
98270
98271
98274
98275
98277
98279
98280
98282
98284
98285
98286
98288
98290
98291
98292
98293
98294
98296
98297
98298
98299
98300
98301
98302
98304
98305
98306
98307
98310
98312
98313
98315
98316
98317
98320
98321
98322
98324
98325
98326
98327
98328
98329
98331
98332
98333
98334
98335
98336
98337
98338
98340
98342
98343
98344
98346
98347
98351
98352
98354
98355
98357
98358
98359
98360
98361
98362
98363
98364
98367
98368
98369
98371
98373
98375
98377
98378
98379
98381
98383
98385
98386
98387
98388
98391
98394
98395
98397
98399
98400
98401
98403
98405
98410
98411
98412
98413
98414
98415
98416
98417
98419
98421
98422
98424
98425
98427
98429
98431
98433
98434
98435
98436
98438
98439
98441
98443
98444
98446
98448
98450
98453
98454
98455
98456
98457
98458
98459
98460
98462
98464
98465
98466
98467
98468
98470
98474
98475
98476
98478
98480
98483
98484
98485
98486
98487
98488
98495
98496
98499
98500
98501
98502
98504
98505
98506
98507
98508
98509
98510
98511
98512
98515
98517
98519
98520
98521
98524
98526
98527
98528
98530
98531
98532
98533
98534
98535
98537
98538
98539
98540
98541
98542
98543
98544
98545
98546
98547
98548
98551
98552
98554
98555
98556
98558
98559
98563
98564
98565
98567
98569
98570
98572
98574
98576
98578
98579
98581
98583
98584
98585
98589
98590
98591
98592
98593
98594
98595
98597
98598
98599
98601
98602
98603
98606
98608
98609
98610
98613
98615
98616
98618
98619
98620
98621
98622
98625
98629
98633
98634
98637
98638
98639
98641
98642
98643
98646
98647
98648
98651
98652
98655
98656
98657
98661
98662
98665
98666
98668
98669
98671
98673
98675
98676
98677
98678
98680
98681
98682
98683
98684
98686
98687
98688
98689
98690
98691
98694
98695
98696
98698
98702
98703
98706
98707
98708
98709
98711
98712
98713
98714
98716
98717
98718
98719
98720
98721
98722
98725
98730
98733
98735
98743
98744
98745
98747
98748
98749
98751
98753
98754
98755
98757
98758
98759
98761
98762
98763
98764
98765
98766
98768
98771
98772
98773
98775
98776
98777
98780
98781
98782
98783
98785
98788
98792
98793
98794
98795
98797
98798
98799
98800
98803
98804
98805
98806
98807
98808
98809
98814
98815
98819
98820
98821
98822
98823
98824
98825
98827
98828
98829
98830
98832
98834
98836
98837
98838
98842
98843
98844
98846
98847
98850
98852
98853
98854
98856
98857
98859
98860
98861
98862
98863
98864
98865
98866
98867
98868
98872
98873
98874
98875
98876
98877
98879
98880
98881
98882
98884
98885
98886
98887
98890
98893
98894
98895
98898
98899
98900
98902
98903
98904
98907
98908
98910
98912
98914
98915
98916
98917
98919
98921
98924
98927
98928
98929
98931
98932
98933
98934
98936
98937
98939
98940
98943
98946
98947
98948
98949
98950
98952
98953
98954
98955
98959
98960
98961
98962
98963
98968
98969
98971
98973
98974
98976
98977
98978
98979
98981
98982
98983
98984
98986
98987
98988
98989
98990
98991
98992
98996
98998
99000
99001
99002
99003
99005
99006
99007
99008
99009
99010
99011
99012
99013
99014
99016
99017
99018
99020
99021
99022
99023
99025
99027
99032
99033
99035
99036
99038
99039
99041
99042
99045
99047
99048
99051
99052
99053
99055
99056
99059
99060
99061
99064
99065
99067
99069
99071
99073
99074
99075
99076
99077
99078
99079
99083
99084
99086
99088
99091
99092
99093
99099
99100
99104
99106
99110
99112
99113
99116
99117
99122
99124
99127
99128
99130
99131
99132
99134
99135
99136
99138
99140
99141
99143
99148
99149
99150
99151
99153
99154
99157
99158
99159
99161
99162
99164
99165
99166
99168
99169
99170
99171
99172
99174
99175
99176
99177
99178
99179
99180
99182
99183
99184
99185
99186
99187
99188
99189
99191
99192
99193
99194
99196
99197
99198
99199
99201
99202
99204
99206
99208
99209
99210
99214
99217
99218
99219
99220
99223
99224
99226
99227
99229
99230
99231
99232
99233
99234
99238
99241
99242
99243
99244
99245
99246
99248
99250
99251
99252
99253
99254
99255
99256
99258
99259
99260
99261
99262
99263
99264
99266
99267
99269
99270
99271
99272
99275
99276
99277
99279
99280
99281
99283
99285
99287
99288
99289
99290
99291
99292
99293
99294
99295
99296
99297
99298
99299
99300
99301
99302
99303
99305
99306
99310
99311
99312
99313
99317
99322
99323
99325
99327
99330
99332
99334
99337
99339
99342
99346
99348
99350
99351
99353
99357
99358
99359
99361
99365
99367
99369
99370
99372
99374
99376
99377
99379
99381
99385
99386
99390
99391
99393
99395
99396
99397
99399
99400
99401
99405
99406
99407
99408
99409
99411
99412
99414
99415
99416
99417
99419
99420
99421
99425
99427
99430
99431
99432
99433
99434
99437
99438
99439
99441
99443
99444
99445
99446
99447
99449
99450
99451
99452
99454
99455
99456
99460
99461
99462
99463
99466
99468
99469
99471
99473
99474
99475
99476
99477
99478
99479
99480
99481
99485
99486
99487
99488
99492
99493
99494
99495
99496
99497
99500
99501
99502
99504
99505
99506
99509
99510
99512
99514
99515
99516
99517
99518
99520
99522
99523
99524
99525
99527
99528
99530
99532
99533
99534
99535
99537
99538
99539
99541
99542
99545
99546
99547
99548
99549
99552
99553
99554
99558
99559
99560
99563
99564
99567
99568
99569
99570
99571
99572
99573
99574
99575
99576
99577
99579
99580
99582
99583
99584
99587
99590
99591
99592
99593
99595
99598
99602
99603
99605
99606
99607
99610
99611
99612
99613
99614
99615
99616
99617
99618
99619
99620
99621
99622
99625
99626
99629
99630
99631
99632
99633
99634
99635
99636
99637
99640
99643
99644
99646
99647
99648
99649
99650
99651
99656
99660
99661
99663
99664
99666
99667
99669
99672
99673
99675
99676
99679
99681
99682
99683
99685
99686
99687
99688
99689
99691
99692
99693
99694
99696
99698
99701
99703
99704
99705
99706
99707
99708
99710
99711
99712
99714
99715
99716
99719
99722
99725
99726
99727
99728
99731
99733
99734
99736
99737
99738
99744
99747
99750
99752
99753
99754
99756
99757
99759
99760
99761
99762
99764
99765
99766
99768
99769
99770
99771
99772
99773
99774
99775
99777
99779
99782
99783
99786
99788
99790
99791
99792
99793
99794
99796
99797
99798
99799
99801
99802
99804
99806
99807
99812
99813
99815
99816
99818
99819
99821
99822
99823
99824
99826
99827
99828
99829
99830
99831
99832
99833
99835
99840
99842
99844
99845
99848
99849
99852
99854
99856
99857
99858
99859
99860
99861
99862
99863
99864
99865
99868
99869
99873
99875
99878
99881
99882
99883
99885
99886
99887
99889
99890
99891
99892
99893
99894
99895
99896
99897
99898
99899
99902
99903
99905
99907
99913
99914
99916
99917
99918
99919
99921
99922
99923
99924
99926
99927
99928
99929
99930
99931
99932
99933
99935
99937
99938
99939
99941
99943
99945
99946
99947
99948
99949
99950
99953
99954
99955
99956
99957
99959
99960
99965
99966
99967
99968
99970
99971
99972
99973
99974
99976
99980
99983
99984
99987
99988
99989
99990
99991
99993
99994
99996
99999
100000
